162.4375,-5.6250,-7.5000,-0.2300,1.0000,-0.3200,163.4375,-4.7500,-0.7500,2.6400,-12.8900,2.0600,126.0000,-3.6875,-7.0625,10.9100,-3.3200,0.6000,94.9375,-9.1250,-18.9375,2.3600,23.6300,-5.7700,93.2500,-10.9375,-15.2500,1.0200,-0.6500,-0.4100,94.1250,-9.7500,-15.1875,0.1000,-0.8300,-0.1300,98.3750,-9.4375,-13.8125,0.4000,-0.7000,0.5500,102.3750,-9.3125,-12.7500,0.2700,-1.2600,0.8800,105.4375,-9.3125,-12.3125,0.4300,-0.9500,-0.2000,109.1250,-8.3750,-11.3125,0.6900,-1.1400,-0.5000
169.2500,-8.7500,-10.3125,0.1100,0.8400,0.0100,173.3750,-9.5000,-9.1250,-0.1100,0.0500,-0.4100,178.3750,-8.1875,-0.3125,1.8400,-13.9500,-0.1700,146.9375,-5.6875,-6.4375,10.7700,-10.2000,1.8900,105.0625,-6.3125,-20.1875,7.7200,7.7200,-2.3500,86.5000,-6.7500,-22.7500,2.2000,5.6400,-2.3000,87.4375,-6.8125,-22.2500,0.4700,-1.7400,0.0000,90.5000,-6.6250,-21.7500,-0.6500,-1.6300,0.3400,91.8125,-6.7500,-22.1250,0.2200,-0.9800,0.3000,93.0625,-7.1875,-21.1250,0.3300,-0.4500,-0.0900
160.8125,-12.3750,-10.0000,0.1100,1.8200,0.4600,165.9375,-11.5625,-3.0625,1.9600,-5.9100,0.3600,149.6875,-9.1875,-12.6250,8.2400,-9.0900,1.1900,105.7500,-2.8750,-26.4375,7.0600,6.1500,-0.0700,84.0625,-3.5625,-26.2500,1.9700,8.4800,-3.7700,84.0000,-5.0000,-23.8125,0.8400,0.8600,-0.6800,87.5625,-5.6875,-23.4375,0.5200,-0.8800,0.3300,91.6875,-6.3125,-22.6875,0.2100,-0.9800,-0.0500,95.3125,-6.3750,-21.9375,0.2100,-0.7000,0.2800,98.6250,-6.4375,-21.5000,0.1700,-0.4600,0.3000
191.5625,-11.4375,3.2500,1.5700,-9.0400,-1.0800,173.3750,-10.6875,1.4375,4.4100,-10.2900,0.8600,132.0625,-8.5625,-9.7500,11.4000,-0.6100,3.6100,95.3750,-8.7500,-23.4375,9.3500,8.9200,-1.7300,82.8125,-9.0625,-24.3125,2.3600,3.2700,-2.2600,84.4375,-8.9375,-23.1875,0.3400,-0.3200,-0.0700,89.0000,-8.3750,-22.0625,-0.2200,-1.1800,0.5300,93.1250,-8.5000,-21.3750,-0.2400,-1.0600,-0.0600,97.0000,-7.8750,-19.9375,-0.0200,-0.7200,0.0000,100.1875,-6.8750,-18.3125,0.1900,-0.9500,0.2800
162.9375,-9.4375,-9.8125,0.6500,-4.1100,0.2700,153.9375,-8.4375,-11.0000,4.5500,-11.6300,1.4700,117.8750,-2.7500,-23.0625,8.0900,-0.8600,0.0500,88.8125,-0.4375,-26.0000,3.0500,8.3200,-2.0600,85.5625,-1.6250,-24.3125,1.6100,3.9800,-1.6600,89.3750,-1.4375,-24.1875,0.8300,-0.5000,0.5300,93.3750,-1.2500,-23.8125,-0.3600,-2.1100,0.4000,94.5000,-1.0000,-23.1875,-0.1000,-1.9700,0.0500,95.5625,-1.1250,-23.5000,0.4700,0.4700,-0.3500,100.5625,-1.7500,-22.2500,0.1600,1.1000,-0.4300
180.0625,-3.3125,-3.1875,1.1600,-7.0000,-0.0900,170.1250,-1.1875,-0.5000,5.3000,-12.8400,1.1300,133.6875,0.7500,-11.3750,11.0900,-4.0000,-0.2200,96.6250,-0.7500,-22.5000,4.0500,8.1000,-3.2100,88.6875,-3.1875,-21.2500,2.5500,4.0700,-2.2600,91.0625,-2.8750,-20.5000,0.5900,-0.2700,0.0000,94.2500,-1.9375,-20.5000,-0.8600,-1.9000,0.2700,96.1250,-2.0000,-21.0625,-0.2200,-0.8800,0.1000,99.2500,-2.1250,-20.7500,0.4400,-0.6000,0.3500,103.5000,-2.2500,-20.3125,0.6300,-1.0600,0.2700
165.8750,-6.8750,2.9375,3.7900,-10.0000,-1.7300,141.5000,-7.5625,-11.9375,10.3400,-8.0200,0.1100,103.6250,-5.0000,-23.9375,2.9800,5.9300,-1.8600,87.0000,-5.3125,-25.0625,0.9800,7.0000,-2.6700,91.3125,-6.2500,-23.1250,1.1200,-0.1900,1.2200,95.0625,-6.9375,-22.8125,-0.6500,-2.0100,-0.3900,96.5000,-6.6875,-23.1250,-0.2700,-1.2200,0.0000,98.7500,-6.6875,-22.7500,0.1800,-0.5500,-0.1000,101.9375,-6.3750,-21.5625,0.6800,-0.8700,0.0800,106.6875,-5.6875,-21.6250,1.1800,-0.4800,-0.1400
186.8125,-12.4375,-7.1875,3.4600,-3.6500,-0.2800,182.3750,-12.3125,-0.3750,5.5000,-15.8600,0.9200,145.6875,-9.4375,-6.1875,8.1600,-8.2000,1.4500,107.4375,-9.0625,-14.9375,5.0800,13.6800,-1.0100,105.1875,-10.0000,-12.8125,1.8900,3.2500,-0.5800,108.4375,-7.7500,-13.8750,-0.4600,-1.2200,0.4900,109.9375,-6.0625,-16.0625,0.0900,-1.2900,-0.3400,112.4375,-5.1250,-15.4375,-0.1600,-0.9800,0.6700,115.7500,-4.5000,-14.1875,-0.3300,-0.2900,0.1300,119.4375,-3.8125,-14.2500,-0.1600,0.3900,0.0600
175.5000,-4.2500,-13.5000,-0.5700,-1.5300,-0.0200,173.7500,-4.5625,-1.6250,2.2000,-14.1700,0.4100,138.5625,-1.5000,-9.3750,8.8800,-6.5400,1.7400,99.5625,-2.0000,-20.1250,6.2700,9.5300,-3.0800,86.6875,-3.8125,-24.5000,1.7700,7.2200,-4.0400,90.3125,-3.0000,-23.0625,0.5200,-0.9700,0.5300,94.4375,-2.9375,-21.3125,-0.6800,-1.8800,-0.2400,97.4375,-2.8125,-20.5000,0.0000,-0.8000,-0.0100,100.6875,-2.3125,-19.6250,0.1300,-0.1900,0.0400,105.1250,-1.5625,-19.1250,0.5700,0.7400,-0.7300
165.8750,-9.6875,-7.5625,0.0400,-1.5500,-0.9400,159.3750,-6.6875,-3.8750,4.3400,-11.7800,0.5400,125.0625,-1.1250,-15.1250,5.1600,0.1500,0.2700,104.1875,-0.5000,-19.3750,1.2400,11.4200,-1.9000,110.3750,-1.9375,-15.5625,2.3100,4.8200,-1.4100,125.9375,-1.3750,-13.5000,1.5000,-3.0400,0.6700,134.6875,-0.6875,-13.9375,0.5300,-4.0700,0.5800,137.0625,0.0000,-14.3125,-0.2400,-2.5000,-0.1500,136.2500,1.5625,-13.8750,-0.0400,-0.9300,-0.1700,135.6250,3.9375,-14.0000,0.3700,0.8700,-0.3800
180.6250,-11.5625,-7.9375,0.4700,-3.1000,-1.4000,164.9375,-6.8125,-7.6250,5.1500,-10.0300,0.9900,126.8750,1.0625,-15.1875,7.4500,-1.3800,1.1700,105.7500,0.4375,-17.6875,2.5700,8.1500,-1.5500,109.1250,-0.9375,-15.1875,1.6700,1.6500,-0.7400,119.3125,0.0000,-14.5625,0.6200,-0.9900,-0.0400,128.6875,1.1250,-16.0625,0.4800,-1.5400,0.3600,136.3750,2.3125,-17.0000,0.3500,-1.5800,0.4900,142.6875,3.3125,-15.5625,0.1300,-1.3300,0.0700,146.0625,4.7500,-12.8750,0.0500,-1.5800,0.2300
157.5000,-12.5000,-10.6875,1.9100,-1.8900,-2.6700,149.5625,-10.2500,-10.9375,5.4700,-10.1600,-0.5800,117.5000,-3.1875,-21.2500,6.1800,-3.6100,2.7000,91.0000,-2.0000,-24.1250,0.6000,8.2000,-2.3400,90.5625,-3.8125,-23.0625,0.6700,5.0600,-2.4400,103.0625,-4.5000,-21.2500,1.6700,0.1700,-0.6100,115.2500,-4.3750,-19.0625,1.4100,-2.8700,0.1100,121.5000,-3.0625,-17.0625,0.7000,-2.5000,0.4400,123.3125,-1.1250,-13.4375,0.0800,-0.7800,-0.2300,123.6875,1.0000,-12.1875,0.1000,0.1200,-0.3000
152.0625,-0.5625,-9.1250,0.8700,-2.0700,-1.9300,142.0000,1.3750,-9.5625,4.3900,-11.0500,1.0800,110.6250,1.0625,-18.5625,5.2800,0.8100,1.5500,86.2500,-3.5000,-23.0000,2.9400,8.8800,-4.9600,83.1250,-5.4375,-21.7500,1.5400,2.4700,-2.1000,86.5625,-4.3125,-20.5000,0.8000,-1.0000,0.6500,89.2500,-4.3750,-19.9375,0.0600,-1.0300,0.0600,91.4375,-4.5000,-19.1875,0.5000,-0.0200,-0.7300,96.6875,-2.7500,-18.0000,0.7200,1.1400,-0.7300,105.0625,-0.1875,-15.9375,1.7200,0.4500,-0.5800
162.3750,-3.6875,0.5625,1.1200,-8.7200,-0.3800,138.2500,-3.5625,-6.6250,5.3200,-5.5900,2.0100,107.4375,-6.3125,-17.0000,4.1300,5.3300,-2.4000,99.0625,-9.9375,-16.6875,1.8100,4.4300,-3.0800,105.5000,-9.6250,-13.9375,1.8000,-0.6900,0.5500,111.1875,-7.9375,-15.5625,0.3500,-0.6900,0.1400,115.8750,-6.7500,-14.0000,0.0000,-1.2500,-0.2900,120.4375,-5.2500,-11.3125,0.3100,-1.0800,0.3000,122.9375,-3.8750,-9.6875,0.4100,-0.7600,-0.0300,124.1875,-2.0000,-8.9375,0.4500,0.5600,-0.2500
177.1875,-0.5625,0.3125,1.8200,-12.8600,1.2800,147.4375,-0.3125,-3.3125,6.7400,-5.3200,1.5300,113.6875,-3.8125,-13.9375,3.7400,6.9100,-3.3300,105.1875,-6.1250,-14.4375,0.9900,7.4400,-3.0600,113.5000,-5.8750,-11.9375,0.8600,-0.4300,0.3900,118.5625,-4.8750,-12.3125,-0.1900,-2.5700,-0.1200,119.2500,-3.6875,-12.5625,-0.0100,-0.4900,-0.3000,121.0000,-3.1875,-10.6250,0.0600,-0.3500,0.0900,122.1250,-2.5625,-9.4375,0.1200,0.0000,0.4200,123.2500,-1.9375,-9.6250,-0.1000,-0.4500,0.2000
175.1250,0.3750,-1.0625,1.0000,-5.9700,0.4000,153.6250,0.0000,-5.3750,6.5000,-6.8600,1.1500,114.9375,-1.7500,-18.0000,5.6700,3.6600,-1.3800,92.9375,-3.8750,-22.9375,1.7200,7.0500,-4.5800,92.0000,-3.8125,-23.7500,1.3100,-0.0800,0.2600,96.1250,-4.3750,-23.2500,0.0000,-1.4500,-0.0400,98.3750,-4.5000,-23.0000,-0.2600,-0.4700,-0.3800,99.8750,-4.3750,-22.0625,-0.0100,-0.3700,0.0800,101.6875,-3.8750,-20.6875,0.1400,-0.0800,-0.2500,104.4375,-3.1875,-20.0625,-0.2600,0.1600,-0.5700
164.5000,-1.0625,-3.7500,0.0900,-1.4900,-1.0000,161.2500,-1.1250,2.7500,6.4300,-14.1500,1.2300,126.5625,-3.8750,-14.3125,8.1100,-2.6500,1.6400,93.1875,-8.3750,-23.1250,1.4700,10.6900,-6.6300,86.8750,-8.4375,-22.3750,1.2000,3.7500,-1.0900,90.0000,-8.0625,-21.1875,0.1700,-0.9300,0.0300,92.7500,-8.5000,-20.6250,-0.2600,-1.1900,-0.3100,94.5000,-8.6875,-20.3125,0.1500,-0.5000,0.1000,96.0625,-8.3125,-18.8750,0.0000,-0.2900,-0.3200,98.5625,-7.0625,-18.7500,0.0100,0.0900,-1.1900
148.0000,3.1250,-13.6250,0.0000,0.5700,-1.1400,157.3125,0.3125,2.1875,2.3000,-13.1200,-0.0300,131.5000,-2.3750,-11.5625,8.5900,-5.0900,0.7300,96.3125,-5.0000,-21.3125,5.8900,5.1200,-3.6300,83.5625,-6.2500,-21.6875,1.1900,4.4000,-3.0000,86.3125,-4.8750,-21.6250,0.1900,-0.7800,1.5600,90.2500,-5.7500,-20.1250,-0.3200,-1.6000,-0.3300,92.1250,-5.9375,-19.6875,0.0800,-0.5700,-0.2400,93.4375,-5.6875,-19.1250,0.2700,-0.0500,-0.2800,96.0625,-4.9375,-18.8125,1.8200,0.6700,-1.6400
182.0625,-6.2500,-6.1875,1.0000,-3.1900,-3.0000,177.4375,-5.5000,0.6875,6.0500,-15.7800,0.0000,132.4375,-1.8750,-10.5625,11.4700,-2.2500,1.4400,101.5000,-5.0625,-19.0625,2.7900,8.9800,-3.4400,98.6875,-7.1875,-16.5625,1.3100,2.4700,-1.2100,103.3125,-6.5625,-15.7500,0.4800,-0.7600,0.1500,105.8125,-5.3750,-16.0000,0.0000,-1.5800,0.0200,107.0625,-3.4375,-16.0625,0.0000,-0.5500,-0.5500,109.8125,-1.0625,-15.6875,0.3500,-0.2100,0.1300,113.0625,1.3125,-15.0000,0.1600,0.1300,0.1400
165.6875,-0.4375,-3.8750,2.3000,-10.6300,1.1500,139.9375,-2.3750,-11.7500,10.1900,-8.2600,2.7100,99.8750,-5.5000,-21.8125,7.4300,10.1200,-5.3400,90.6250,-8.5000,-18.8125,-0.3600,3.8500,-1.6100,95.6250,-8.4375,-17.0625,0.5100,-0.8400,0.6900,97.3125,-7.8750,-17.4375,0.0200,-0.8500,-0.2500,97.8125,-7.1875,-17.0625,-0.2300,-0.4500,-0.0900,98.8125,-5.9375,-16.7500,0.0800,-0.2100,-0.2600,100.9375,-4.1875,-16.8125,0.2300,0.0400,-0.2900,104.8750,-1.7500,-17.3750,0.0500,0.3100,-1.0200
175.0000,-3.7500,-4.6875,1.5800,-3.9800,-3.1500,157.6250,1.0000,-5.6875,9.5200,-13.0100,-0.1300,115.4375,6.3750,-14.7500,8.7200,9.2800,-0.1100,101.2500,4.3125,-10.9375,0.2800,7.3800,-2.1500,106.5625,4.1875,-8.3750,-0.3800,-1.3000,0.1600,110.3750,3.8125,-10.1875,-0.2200,-1.7800,0.2500,110.5000,3.8125,-11.7500,-0.2300,-1.2000,-0.0500,110.0000,3.5625,-12.0000,-0.2000,-0.3400,-0.1500,109.5000,3.2500,-11.5625,0.0500,0.2200,0.1100,109.3125,3.0625,-11.3125,-0.4300,0.1300,0.0000
155.4375,0.0000,-0.8750,8.1300,-9.5000,-2.5300,115.7500,-1.1250,-18.1875,8.3300,0.2300,-1.9000,88.9375,-2.0625,-28.6875,-0.2200,14.3900,-7.0100,90.9375,-2.3125,-24.3125,1.3500,2.5500,-0.2100,98.6875,-2.3125,-21.6875,0.1600,-2.0100,0.7100,100.3750,-2.1250,-22.4375,-0.6600,-0.9500,-0.1500,100.1250,-1.8125,-22.3125,-0.0800,-0.2800,0.0900,101.1250,-2.0000,-21.6250,0.1700,0.3400,0.0200,102.7500,-2.0625,-21.3750,0.0600,0.0800,-0.4800,105.4375,-1.3750,-21.5625,0.2100,-0.0400,-0.2700
162.5000,-4.3750,-5.9375,2.5700,-8.1100,0.8100,139.6875,-10.8125,-16.4375,9.3900,-4.5500,3.2200,104.6875,-15.0000,-28.9375,4.7200,12.9400,-7.4900,95.0000,-15.6875,-29.1875,1.6400,3.6900,-1.7600,97.9375,-15.4375,-27.3125,-0.1500,-1.8000,0.9800,98.8125,-15.1875,-27.5000,-0.2600,-0.5600,-0.1800,99.7500,-15.8125,-27.3750,-0.2700,-0.0700,0.0300,101.2500,-16.4375,-27.1875,0.2700,-0.1800,-0.0100,102.1250,-16.5625,-27.3750,0.1600,0.0700,0.0000,103.0000,-16.6250,-27.1250,0.1000,-0.2200,0.2200
172.8750,-10.3750,-4.4375,5.0900,-11.9900,2.2600,143.0000,-18.1875,-20.4375,9.3700,-1.9900,0.4600,107.9375,-19.3750,-31.2500,1.5900,15.1400,-6.1100,104.0000,-19.8750,-30.0000,0.9000,2.5000,-0.9200,108.0000,-19.4375,-29.0625,0.4700,-2.0500,0.6200,109.9375,-19.4375,-28.1875,-0.4300,-2.0800,0.0300,109.3125,-18.9375,-27.8125,-0.3400,-0.2200,-0.0900,108.7500,-18.5000,-27.8125,-0.1300,0.6100,0.0500,108.7500,-18.3125,-27.7500,0.1200,0.1700,-0.2900,109.6875,-17.8750,-27.1250,0.0000,-0.2100,-0.4500
175.5000,-10.3125,2.4375,2.3300,-14.4600,3.5400,146.2500,-18.3750,-15.3125,8.8900,-3.5900,1.2700,110.2500,-19.6250,-35.0000,5.0200,6.2400,-5.8500,92.9375,-18.4375,-38.3125,2.8600,3.9300,-3.5800,92.0625,-17.6875,-37.6875,0.4200,0.5300,-0.1500,93.8750,-17.2500,-36.5000,-0.3700,-0.4900,0.3100,95.3125,-17.1250,-36.1875,-0.0900,-0.3600,0.1400,96.2500,-16.8125,-35.6875,0.1500,-0.6400,-0.3400,97.0000,-15.8750,-34.7500,0.1300,-0.0500,-0.1500,98.6875,-14.9375,-33.8125,0.0500,-0.3200,0.0300
172.6875,-4.7500,0.1250,7.8700,-14.7700,0.2700,130.5000,-1.0000,-19.8750,10.4000,8.7100,-1.1500,98.5625,-1.0625,-27.7500,4.3900,12.6800,-3.7500,95.4375,-3.5625,-24.6250,1.0700,2.0200,-2.2900,99.0625,-4.1250,-24.1250,-0.4800,-1.8500,0.4000,102.3750,-5.0000,-23.5000,-0.5100,-1.5500,0.0200,104.0625,-5.8125,-22.1250,-0.2700,-0.5900,0.0200,104.1250,-5.6250,-22.0625,-0.0500,-0.2200,0.2400,104.4375,-5.9375,-21.4375,-0.2500,-0.1600,0.0500,104.5625,-6.5000,-21.2500,-0.0200,-0.2800,-0.1100
175.9375,-5.1250,1.0000,2.1200,-7.5500,0.0000,160.6250,-11.7500,-5.0000,5.8300,-12.5600,1.2300,121.0625,-14.2500,-24.7500,7.5000,5.3100,-0.9100,94.6250,-13.7500,-33.8125,4.2200,12.0500,-5.8200,92.5000,-15.3125,-29.8750,0.8600,1.4600,-0.7900,95.6250,-15.3750,-29.0625,0.2100,-1.5200,0.3600,97.5000,-15.5000,-28.6250,-0.2100,-1.0000,-0.0700,99.4375,-16.1250,-27.8125,0.0100,0.0600,-0.1300,101.7500,-16.5625,-27.0625,0.0100,0.2500,-0.0400,105.4375,-16.8125,-26.1250,-0.3600,-0.2600,-0.2000
192.7500,-6.9375,-3.2500,1.4000,-10.2200,-0.4300,164.3750,-4.0000,-5.7500,5.6300,-4.8700,1.8500,131.5625,-4.6250,-11.8750,2.6600,6.5300,-1.2300,123.6875,-5.6875,-8.6875,-0.1800,4.3200,-1.4000,125.6875,-4.8125,-10.1875,-0.8500,0.0000,0.5300,128.5000,-5.9375,-11.2500,-0.2300,-1.2200,-0.2800,129.5625,-6.7500,-10.0000,-0.3200,-0.7400,-0.5600,129.8750,-6.6250,-8.1875,-0.4300,0.0600,0.3500,129.5625,-6.4375,-7.6250,-0.6900,0.3200,0.1400,129.4375,-6.1875,-8.3125,-0.5000,0.2600,-0.3100
185.0000,-27.1250,1.3750,2.2600,-2.9900,-2.7900,171.0625,-28.0625,-4.8125,6.1400,-10.7800,1.2200,135.2500,-21.8750,-23.6250,2.7300,7.8100,-2.7300,114.2500,-16.5000,-27.4375,0.8300,13.1100,-0.9300,116.3125,-17.0000,-20.6875,0.5400,1.1900,1.4000,119.8750,-17.8750,-18.6875,-0.0700,-1.4100,0.0700,120.6875,-17.8750,-18.1875,-0.2600,-0.6400,-0.4400,121.0000,-17.5000,-17.0625,-0.3600,0.2200,-0.1100,121.2500,-17.4375,-16.9375,-0.4100,0.3600,-0.0600,121.3125,-17.2500,-16.6250,-0.1200,-0.0400,-0.4700
184.0000,-7.1875,2.6250,0.6300,-12.1400,0.4900,156.5625,-6.4375,-3.8125,9.3700,-8.9700,1.9000,116.3125,-8.4375,-17.8750,4.6900,7.5300,-3.3800,104.3750,-10.0625,-17.8125,2.4500,5.8100,-2.7200,107.6875,-9.5625,-16.7500,0.2700,-0.1900,-0.3400,112.4375,-8.1875,-16.2500,-0.2400,-1.5400,-0.2200,115.8125,-7.3750,-15.3750,-0.1900,-0.0500,0.3600,118.8125,-7.1875,-14.1250,-0.0600,-0.4200,0.1900,120.5000,-6.9375,-13.5000,-0.0800,-0.6000,0.0900,120.8125,-6.3125,-13.0625,-0.0500,-0.3300,-0.1800
185.7500,6.5000,2.6250,0.2300,-13.0900,0.0000,162.5000,6.0625,2.8750,6.5400,-8.5500,1.4800,119.6250,-1.3125,-11.1875,5.9800,12.0800,-2.6800,104.1875,-5.5625,-12.5625,2.4300,7.8900,-3.8600,102.8750,-4.9375,-13.5625,-0.4700,-0.1000,0.0100,104.5625,-3.9375,-14.5625,-0.2300,-0.8700,0.0700,107.5625,-3.8750,-14.2500,-0.0400,-0.3500,-0.3300,110.1875,-3.1875,-13.5000,0.0600,-0.1400,0.1000,111.0000,-2.5000,-13.1250,-0.1900,-0.2800,0.0100,111.6250,-1.6875,-12.6250,-0.3400,-0.1900,-0.0300
165.3125,-17.1875,-6.0625,2.2200,-3.1700,-3.3600,159.8125,-18.2500,-2.9375,3.9700,-12.5200,-1.4800,124.6875,-12.4375,-17.0000,8.2400,1.2200,1.3500,98.4375,-8.5625,-25.3125,1.2400,14.9000,-2.6500,97.1250,-9.0625,-21.0625,0.6800,2.2800,-0.2400,100.1875,-9.0625,-20.3750,0.0000,-1.2400,0.3200,101.8125,-9.5000,-19.5000,-0.1600,-1.2000,-0.1300,102.1875,-9.4375,-18.3750,-0.0200,-0.2600,-0.1200,102.6250,-9.3125,-18.1250,0.0800,-0.0200,0.2000,103.0625,-9.0000,-18.2500,-0.2200,-0.2600,-0.2200
161.8125,-28.8125,7.1875,5.2800,-9.8400,-2.8900,124.2500,-16.8125,-15.5625,9.2000,0.5000,1.5100,95.3750,-7.9375,-25.3125,2.4700,10.9300,0.0500,91.8750,-8.4375,-20.3750,0.6800,3.5600,-0.7300,94.3125,-8.0625,-19.5000,-0.0200,-0.1100,0.0000,97.2500,-8.1875,-19.3750,-0.2200,-1.3400,0.2700,98.7500,-8.3750,-18.6875,-0.0800,-0.5700,-0.1800,99.1875,-8.0000,-18.3750,0.2700,0.1800,0.0800,100.8125,-7.9375,-17.3125,0.2600,0.4800,0.2600,103.4375,-8.3750,-14.3125,0.1200,-0.5300,-0.1000
176.8125,-10.6250,7.5625,0.3500,-15.6200,-2.6000,147.5625,-7.0625,1.5000,8.0600,-7.4500,0.2800,112.3125,-5.3750,-18.1250,3.8000,12.2500,-3.8500,103.7500,-5.3750,-16.0000,0.4900,5.3500,-1.6700,108.2500,-4.7500,-15.5000,0.3600,-0.3300,0.5500,112.1250,-4.9375,-15.1250,-0.1900,-2.4700,-0.1600,113.8750,-4.8750,-13.8750,-0.1800,-0.9100,-0.1000,113.8750,-4.4375,-13.5000,-0.2300,0.5000,0.2500,113.8125,-4.2500,-14.8125,0.1400,0.4800,0.0500,113.7500,-3.9375,-14.6875,0.1500,-0.3200,-0.2100
177.7500,1.2500,0.4375,0.2400,-15.0700,0.9900,147.1250,-1.6250,-1.1250,8.3900,-7.0500,2.2800,114.8750,-8.6250,-11.6875,5.7700,10.2300,-4.2700,106.1875,-8.5625,-16.0625,0.6200,1.6300,-1.9500,107.0000,-7.2500,-16.1875,0.2400,-0.6300,0.2100,110.3125,-7.3125,-13.3750,0.3600,-0.5900,-0.5500,112.5000,-6.0000,-11.8750,0.1600,0.3200,0.4400,115.1250,-5.5625,-11.1875,0.0500,-0.1700,0.0200,117.6875,-5.1875,-10.8125,0.2000,-0.3600,-0.1200,119.8125,-4.2500,-10.5000,0.0700,-0.5700,-0.3400
172.9375,-14.5000,2.0625,0.3900,-13.5500,-1.7900,149.5625,-11.0000,-10.6875,8.0100,-5.5200,1.7500,116.8750,-6.3750,-26.5000,5.6500,8.4400,-1.6700,106.5000,-6.2500,-25.3125,1.5200,6.4400,-2.1000,110.9375,-6.2500,-22.0625,1.0400,-0.2000,0.4700,115.2500,-6.6250,-19.9375,0.0600,-2.3500,0.2500,117.7500,-6.8750,-18.6250,0.0300,-0.4900,-0.1000,119.4375,-6.8125,-17.6875,0.0200,-0.3300,0.2700,119.8125,-6.5625,-17.8125,0.0500,-0.2500,-0.0700,119.2500,-5.6875,-17.8750,0.6800,-0.2700,-0.8200
182.0625,-0.3125,-4.2500,-1.0700,-5.7900,-0.2400,167.5625,1.1875,1.1250,6.6200,-7.2200,1.9000,129.0000,1.6250,-8.8125,9.9500,4.3600,0.4800,109.0000,-2.0625,-12.8750,2.7900,6.4200,-1.2400,107.8125,-3.2500,-11.5000,0.5700,-0.4800,-0.7200,110.8750,-2.6250,-11.7500,0.1600,-1.4700,0.0300,112.6875,-2.1875,-11.7500,-0.2100,-0.8900,0.1200,113.6250,-1.6250,-11.2500,0.0500,-0.4000,-0.0200,114.0000,-0.5000,-11.1250,0.0500,0.2400,0.0000,115.0625,0.5625,-12.2500,0.2800,0.7600,-0.3200
170.3125,-2.8750,4.3750,3.3300,-10.7500,-0.8000,138.8125,-3.9375,-14.3750,8.6500,-2.2500,-0.3800,108.5625,-2.7500,-25.2500,1.3800,8.4300,-3.2200,101.5000,-2.3125,-22.7500,0.2800,4.9400,-1.7800,105.3750,-1.8125,-21.6875,0.5000,-1.3600,0.8600,108.2500,-2.5625,-20.3125,-0.3200,-2.2100,0.0800,109.3750,-2.5625,-19.9375,-0.0700,-0.7300,-0.0700,110.3750,-2.3750,-19.7500,-0.1800,-0.4900,-0.1100,112.3125,-0.8750,-20.3750,-0.4600,0.3300,-1.2300,115.1250,1.2500,-17.3750,0.5900,-0.8000,0.4200
180.4375,-0.6250,-5.3750,2.9800,-13.7500,-1.1700,142.7500,5.4375,-7.8750,7.5000,-3.6000,2.1700,114.0625,2.6250,-10.6875,2.5300,10.5400,-2.1900,113.3750,0.4375,-9.8750,-0.2100,4.6000,-2.8400,119.0625,0.8750,-10.8750,-0.2800,-1.9700,0.3300,122.5000,0.8750,-10.5625,-0.6100,-1.8500,-0.7900,122.3750,1.6250,-9.2500,-0.4500,-0.7100,0.3200,121.5625,2.2500,-8.3125,-0.5800,0.5200,0.4100,120.6875,2.4375,-8.2500,-0.6100,0.3000,-0.3300,120.0625,3.0625,-8.7500,-0.9200,0.0300,-1.2900
162.3125,-3.5625,2.1250,3.9700,-12.4700,1.2600,130.6250,-4.4375,-10.7500,8.3100,-1.4500,1.0100,98.3125,-6.5625,-19.8125,2.5800,10.6600,-3.9200,92.5000,-7.5000,-18.8750,0.8800,3.9000,-2.1500,95.8750,-6.6250,-18.8750,0.1000,-0.2500,-0.0900,100.5625,-6.1875,-17.7500,-0.7000,-1.3500,-0.0800,103.3750,-6.4375,-15.6250,-0.2300,-0.6800,-0.1300,104.3750,-6.0000,-14.6250,-0.1900,-0.0500,-0.1200,105.8125,-4.9375,-14.0000,0.1700,0.1500,-0.3700,108.4375,-3.0000,-13.5625,0.6100,0.4200,-0.8000
173.0625,1.1875,-1.6250,-0.0100,-11.0800,0.0400,150.0000,6.8750,-8.8125,3.6200,-4.8400,0.7300,115.4375,11.3125,-11.8125,3.4700,9.5100,-1.0900,108.5000,9.5000,-9.9375,0.8600,7.6500,-0.6400,118.3125,7.7500,-9.3750,1.0200,1.2900,0.2900,131.0625,5.1250,-10.0625,0.7000,-2.8200,-0.1100,136.1250,4.0000,-10.3125,-0.1000,-2.6500,-0.5500,135.4375,4.7500,-8.5000,-0.2800,-1.7900,0.1000,131.9375,5.8750,-7.0000,-0.5600,-0.4100,0.3900,127.9375,6.1875,-5.8125,-0.2700,0.9900,0.3800
167.0625,-4.6875,-10.0000,-0.0200,0.3300,-0.2400,170.5000,-4.1250,-7.5625,-0.7500,-2.4800,-0.9000,160.1875,-1.5625,-7.0000,5.1100,-11.1200,2.4700,125.5625,1.9375,-17.1250,5.3900,3.1200,-1.1500,106.6250,0.6875,-18.8750,0.7100,7.3600,-2.6600,109.6875,-0.6250,-16.8125,1.0200,-1.3700,1.4500,112.1250,-1.6875,-17.1250,0.1300,-1.7100,-0.3900,112.6250,-1.1250,-17.4375,-0.1500,-0.9500,-0.1900,114.0625,-0.4375,-16.3125,-0.2300,-0.9000,0.3100,116.0625,0.1875,-15.1250,-0.2200,-0.8200,0.0700
164.6875,-2.2500,-9.7500,0.2500,-1.1900,-0.2800,165.5625,-2.1250,-9.1250,-0.0400,-0.5100,0.0500,166.1875,-2.1875,-8.2500,-0.1100,-0.6600,0.2400,168.3125,-2.1250,-6.6250,-0.3500,-1.4300,-0.1600,167.2500,-0.5000,4.8125,0.1900,-13.1300,-0.6100,137.3750,0.5000,-5.8750,6.6400,-3.1300,1.2500,104.9375,-1.2500,-17.7500,5.2100,10.9100,-3.6300,99.4375,-3.7500,-15.1250,1.2200,3.5500,-2.1900,103.1250,-2.8750,-15.1250,0.3700,-0.3200,0.1100,107.3125,-1.8125,-15.1250,-0.0200,-1.0500,0.1500
164.3750,-1.2500,-6.5000,-0.1300,0.1500,-0.2900,165.8125,-1.7500,-4.8750,-0.1400,0.6100,0.0100,167.8750,-1.0625,-1.0000,-0.1100,-1.5800,-0.4600,166.4375,0.4375,3.1250,0.2600,-4.0000,-0.3500,153.8125,2.0000,4.6875,3.9100,-7.0000,0.5300,120.9375,1.2500,-8.5000,4.6500,5.1300,-0.1800,111.4375,-1.4375,-10.7500,1.5700,8.8300,-3.3000,120.5625,-0.7500,-7.9375,1.7600,0.0900,0.2600,131.5625,1.4375,-7.6250,0.7300,-2.9200,1.0300,137.5625,1.4375,-6.6875,-0.4200,-3.5100,0.2800
169.1875,-2.0000,-2.3750,0.2000,-0.9100,-0.2700,169.9375,-1.5625,0.3750,0.2400,-2.8500,0.4100,159.1250,-1.0625,-1.1875,2.9000,-6.1500,0.1900,130.8125,0.3750,-14.7500,4.8000,1.7200,0.0500,110.9375,-0.3125,-19.2500,1.2400,6.6500,-2.1600,107.2500,-1.7500,-17.4375,0.6100,2.5100,-0.8500,108.6875,-2.0625,-17.1250,0.7500,-0.2600,-0.0100,110.0625,-2.1250,-17.0625,0.0000,-1.2800,-0.1800,110.7500,-1.8750,-16.3750,0.0800,-1.0300,0.0200,111.5625,-1.6875,-15.8750,0.7100,-0.1400,0.1100
161.0625,1.1250,-8.5000,0.0500,0.3300,0.0200,161.8125,1.3125,-3.3750,0.1700,-5.9400,1.6100,145.0000,0.5000,-5.3750,3.6400,-6.3100,1.5500,114.1875,-0.3750,-14.8750,4.7200,4.6600,-0.8800,98.9375,-2.3750,-18.5000,1.4400,5.5000,-3.0400,101.6875,-3.3750,-16.4375,1.0200,-2.0500,1.0800,103.6250,-3.5625,-15.8750,0.3300,-1.5900,0.2600,104.3125,-3.3750,-16.1875,0.1500,-0.3000,0.1300,105.6875,-3.2500,-15.5625,0.1300,-0.6100,0.2000,106.1250,-3.1875,-15.0625,0.2400,-0.3800,0.1100
161.8125,-3.6875,-5.3750,0.3500,-0.8500,-0.8900,164.9375,-2.6250,-2.6875,0.3100,-0.4400,-0.4400,166.3750,-0.5625,6.1250,0.4200,-8.7300,0.0400,143.7500,0.1875,-5.6875,8.0300,-4.4200,1.2700,109.1250,-1.3750,-18.0625,3.4700,7.6800,-1.2900,99.8125,-4.0000,-14.4375,1.1600,2.9800,-2.0300,100.9375,-4.3125,-14.0000,0.3900,0.5500,0.1800,103.5625,-4.5625,-13.4375,-0.0800,-1.4100,-0.0500,105.3750,-4.9375,-13.3125,0.1400,-0.8400,-0.0500,106.7500,-4.8125,-12.6875,0.2600,-0.2800,0.0200
172.9375,-0.8750,-4.0000,-0.3800,-0.1500,0.0300,172.2500,0.0625,-1.0625,0.0300,-4.1800,0.0200,156.5000,1.3125,-6.1250,3.2500,-5.9300,1.5100,124.3750,0.2500,-14.0000,5.4400,1.6300,0.4600,105.4375,-3.8750,-15.0625,0.9100,5.9800,-3.4900,104.6875,-5.2500,-13.6250,0.3100,3.7800,-1.3100,106.6875,-4.7500,-12.0000,-0.1000,-0.6600,0.1800,107.0000,-4.1875,-12.2500,-0.0300,-0.3300,-0.0200,107.2500,-4.0000,-11.5625,-0.0700,-0.0700,0.2300,107.6875,-4.0000,-11.1250,0.0500,-0.1200,0.0200
168.3750,-1.1250,-0.4375,-0.1500,-1.1400,-0.5800,170.1250,0.0000,2.5625,0.4300,-1.7100,-0.1200,165.6250,1.6875,5.1250,1.6600,-6.4200,-0.3300,141.5000,2.0625,-5.1250,5.4300,-3.2700,1.0300,109.5625,0.1875,-14.9375,3.0300,1.0600,-0.4200,99.3125,-2.6875,-16.5000,1.4600,6.0800,-3.7600,106.5000,-3.7500,-14.3125,1.8800,-0.1000,0.5300,111.0625,-3.1875,-13.7500,-0.1500,-2.4300,-0.0200,113.5000,-3.0000,-13.8750,-0.2600,-0.1300,-0.5000,116.0000,-2.6250,-12.1875,0.2500,-0.0800,0.3800
165.3125,-7.3750,-3.2500,0.7700,0.4500,-2.4400,164.6250,-6.1250,4.8750,2.2100,-10.8100,-2.3700,134.9375,-1.8125,-11.8750,5.2500,-2.0700,0.4700,108.2500,0.5000,-20.2500,1.5200,11.3700,-0.9400,101.6250,-0.3750,-15.5000,0.5400,5.4800,-0.5400,103.5625,-0.6875,-16.2500,0.9800,0.5700,-0.3900,107.1250,-0.4375,-15.8125,0.0200,-1.7100,-0.1100,109.5625,-0.0625,-14.9375,-0.1100,-0.5300,0.0500,111.9375,-0.2500,-13.7500,-0.0200,0.0100,-0.0100,114.3125,-0.4375,-12.8750,0.5700,0.0700,-0.0100
182.0625,2.0625,-8.7500,0.0900,-2.0100,-0.4200,183.8750,3.0625,-6.0000,-0.3000,-6.3000,-0.5000,164.3750,7.7500,-7.6250,4.0000,-7.6100,0.3800,127.5625,11.6250,-11.3750,5.2800,6.7900,-0.3800,113.8125,10.0000,-10.6875,1.1400,5.2200,-1.2700,118.0000,9.0000,-8.8750,1.0500,0.5700,-0.1500,122.0625,8.8750,-9.5000,-0.1500,-1.9000,-0.0200,123.1250,9.1875,-8.6875,-0.3400,-0.9700,-0.2100,123.1250,9.4375,-7.9375,-0.2100,-0.1800,-0.1600,122.7500,9.5000,-7.0000,-0.0100,0.1900,0.0100
155.5625,2.5625,-10.1875,1.3500,-1.4700,-1.5000,160.5625,5.4375,-3.8125,1.4800,-5.3700,-1.1400,147.1250,10.9375,0.3125,4.4100,-6.8500,-0.0900,114.3750,13.1875,-4.8750,2.6000,7.2000,1.6200,97.7500,10.2500,-8.1875,2.1800,9.6600,-1.9600,101.3750,9.7500,-10.0000,0.8000,-0.4300,0.3200,104.1875,9.0625,-10.3750,0.1100,-2.2800,-0.4900,106.3125,9.0625,-9.3125,0.2100,-0.7500,-0.4300,108.6250,9.7500,-7.5000,0.1000,0.1700,0.0300,111.8750,10.0000,-6.1875,0.0400,-0.1300,0.2100
189.0625,4.8750,2.0625,0.3200,-6.2800,-0.4200,176.9375,5.3750,2.0000,3.2400,-8.2000,-0.2800,142.5625,5.2500,-5.5000,7.2000,4.0400,0.0200,119.4375,4.0000,-11.5000,2.3200,7.5400,-2.7800,120.4375,4.2500,-8.5625,0.2400,0.8200,1.4600,124.8750,3.5625,-7.7500,0.2100,-0.8700,-0.0900,126.5000,3.5000,-8.4375,0.2300,-0.5100,-0.7200,126.6250,4.5625,-8.1250,0.0400,-0.4400,0.1100,126.5000,5.3125,-7.5000,-0.2100,-0.0500,0.1200,126.2500,5.9375,-7.3750,-0.0500,0.2900,0.0700
173.6250,-2.5625,-2.5000,0.6000,-3.1000,-1.7300,172.2500,-1.1875,6.2500,3.5900,-10.3700,-0.4600,136.8125,-0.9375,-6.3750,7.6200,0.7800,1.7800,110.3125,-2.8125,-12.9375,0.6300,9.2600,-3.1900,106.4375,-3.3125,-13.5625,-0.2200,4.2800,-1.6100,109.5000,-3.0625,-10.8750,0.0200,-1.1700,0.0200,110.3125,-2.8125,-10.8125,-0.3000,-0.3100,-0.3800,110.8750,-2.5000,-10.3125,-0.0100,-0.0200,0.2500,111.0000,-2.3125,-9.7500,0.1000,0.0000,0.2100,111.1250,-2.0625,-9.6875,0.0300,-0.1800,-0.0200
149.5625,-3.3750,-3.1250,-0.2700,0.7800,-0.8400,149.5625,-2.1875,5.6875,1.6400,-12.1000,0.1900,118.8125,-3.4375,-3.8125,5.9400,-1.9500,1.4500,92.0625,-7.6875,-10.2500,2.7300,8.8900,-3.1500,89.1250,-9.1250,-7.0625,1.5700,1.4100,-0.3700,92.3750,-7.8125,-5.2500,1.0100,-0.8900,1.0100,94.0625,-7.1250,-4.2500,0.1300,-0.9500,-0.1700,95.8750,-6.4375,-3.8125,0.3700,-0.1600,0.3500,99.2500,-6.2500,-3.4375,0.3100,-0.0100,0.0400,103.0000,-5.3750,-4.1875,0.3400,0.3600,0.0200
159.6250,-7.6250,0.8750,0.9200,-6.4700,-0.1700,135.9375,-6.5625,-3.6875,6.2400,-6.6500,2.3300,103.1875,-6.7500,-13.2500,3.6100,4.5100,-2.4700,97.0000,-7.8750,-11.5625,1.2600,3.4400,-0.5000,101.8750,-8.5625,-9.1250,0.8400,-0.9600,0.2000,104.4375,-8.6875,-7.8125,0.2600,-1.2600,-0.3300,105.6250,-8.6250,-7.0000,0.0500,-0.4300,0.1100,107.0000,-8.4375,-6.0625,0.0900,-0.0800,-0.0500,108.2500,-8.0000,-5.8125,0.1600,-0.4600,0.2400,108.8750,-7.4375,-5.0000,-0.0100,-0.9600,0.0300
160.5625,-14.6250,6.3750,0.1100,-0.9200,-0.4200,154.4375,-13.5000,7.3750,2.9800,-9.6900,-0.3100,118.0625,-10.6875,-8.2500,8.0600,-1.8800,0.7000,88.3750,-7.6250,-19.3750,2.8300,11.0000,-2.3400,82.7500,-7.4375,-16.1875,1.3800,3.8000,-1.1800,87.5000,-7.3750,-14.3750,0.9100,-0.4800,0.0100,91.4375,-6.4375,-14.0625,0.3800,-1.1000,-0.0300,94.4375,-5.6875,-13.5000,0.1500,-0.6700,0.5400,97.3125,-5.4375,-12.2500,0.2500,-0.5400,0.3500,99.0000,-5.1875,-10.1875,0.3700,-0.6400,0.1500
168.5625,3.1875,-1.6250,-0.4500,-2.8100,-0.8900,159.4375,6.0000,1.0625,3.2200,-10.8200,0.0500,123.5000,7.9375,-9.6250,6.2000,-1.1700,1.2300,100.4375,1.8750,-13.8125,2.8400,7.5300,-3.8400,101.8125,-2.2500,-8.9375,1.4200,0.2900,-0.8400,105.5000,-2.4375,-8.9375,1.1900,-1.0400,0.2700,107.2500,-1.9375,-8.6250,0.3900,-1.4200,-0.2300,108.6250,-1.3125,-6.4375,0.3400,-0.8700,0.1200,108.8125,-0.8125,-4.8125,0.5000,0.0700,0.0600,108.6875,0.1875,-4.6875,0.4300,0.8300,0.2900
172.1875,-7.2500,0.4375,1.8800,-4.8700,-0.5800,159.0625,-7.3125,0.5625,5.7400,-9.7100,0.5200,121.0000,-5.9375,-15.9375,7.7900,3.2500,-0.7000,100.3750,-5.8750,-20.1250,2.0100,10.0300,-2.9200,103.6875,-6.3750,-16.3125,1.0900,-0.6300,1.3700,105.7500,-6.0000,-15.6250,0.0400,-1.7600,0.0700,106.6875,-5.8750,-15.8750,0.0300,-0.5300,-0.1800,108.1250,-5.5000,-15.7500,0.1900,0.1000,0.3000,109.5000,-5.4375,-15.5000,0.0800,-0.2800,-0.0800,110.0625,-5.3750,-15.4375,0.4500,-0.7000,0.2100
173.1875,6.0000,-0.6875,0.6100,-5.3500,-0.2700,164.8125,7.0000,4.2500,4.6500,-11.9700,0.8600,129.8750,3.0625,-5.5625,7.9000,1.5100,0.6800,104.6875,-2.1875,-15.7500,2.4300,9.0700,-4.4300,99.5625,-3.0625,-15.5000,1.1200,2.1000,-1.4000,101.7500,-2.0000,-14.8750,0.3500,-0.4500,0.3500,105.0000,-2.3125,-14.0000,-0.0400,-1.0700,0.1700,107.6250,-2.4375,-12.6250,0.2200,-0.2900,0.0300,109.3750,-2.0000,-12.2500,0.1500,-0.4000,0.2600,110.0000,-1.6875,-12.4375,0.1000,-0.4900,0.2300
169.5625,-6.8750,-0.3125,0.6500,-3.6800,-0.4800,154.6250,-6.2500,-2.0000,6.3200,-9.8200,0.8100,112.3750,-3.2500,-19.0000,5.6800,8.7100,-1.6900,96.0625,-2.8750,-20.6875,1.3700,11.0600,-2.7200,99.5000,-3.3125,-18.0625,1.3300,0.8900,0.6500,104.0625,-3.8750,-16.7500,0.1400,-1.2500,-0.4700,105.6250,-3.6250,-15.9375,0.2700,-0.5000,-0.1200,106.4375,-3.3125,-15.0625,0.0400,-0.1600,0.0400,106.8125,-3.0000,-15.3750,0.1300,0.1100,-0.1300,107.3125,-2.2500,-14.9375,0.2200,-0.0800,-0.1900
166.6875,6.2500,4.8750,1.4300,-10.4600,0.2400,140.8125,4.2500,-2.1875,8.3900,-4.0900,0.0300,105.0625,0.1875,-15.5625,2.9500,4.5700,-3.8900,96.9375,-1.8750,-15.4375,1.4100,4.4500,-2.4600,99.1250,-1.2500,-14.3750,0.4700,0.6900,-0.3000,101.6875,-0.3125,-13.5000,-0.1600,-0.9500,0.3900,103.3750,-0.1250,-13.0000,-0.0500,-0.5600,-0.0300,103.5625,0.3750,-13.1875,0.0100,-0.1200,0.0600,104.1250,0.7500,-13.1250,-0.0500,-0.0500,0.2300,104.5625,0.5000,-13.3125,0.0000,-0.0800,0.0900
166.0000,-14.1875,0.5625,0.2900,-2.1800,-1.2500,161.8125,-13.1250,4.3125,2.4300,-10.0200,-0.5200,133.3125,-10.5000,-6.6875,6.9900,-4.0000,0.9000,100.0625,-7.2500,-19.3125,4.3500,7.5900,-1.2300,91.8125,-6.6250,-18.5625,1.3700,4.2300,-1.0800,96.0625,-5.8750,-18.3125,0.2900,-0.5000,0.1000,100.5000,-5.5000,-17.8125,-0.0400,-1.7100,0.1300,103.6875,-5.9375,-16.9375,0.0500,-1.1700,0.1300,104.6875,-5.4375,-16.0625,-0.1400,-0.3700,-0.1300,104.8125,-4.9375,-15.6875,0.0100,-0.0800,-0.0900
168.5000,5.5000,-5.3750,-0.9000,-2.8400,-0.8900,162.7500,6.2500,2.5000,3.4100,-11.2600,0.4200,129.6250,5.0625,-7.2500,7.5600,0.2600,-0.5700,103.7500,1.7500,-15.6250,3.1600,9.2800,-3.7300,98.1875,0.5000,-15.3750,1.5900,2.6600,-1.8400,100.8125,2.0000,-15.3125,0.2000,0.1500,-0.2400,105.1875,3.0000,-14.3125,-0.0200,-0.5800,0.0600,109.2500,3.4375,-12.9375,-0.3600,-0.4700,0.2100,110.7500,3.6250,-11.7500,-0.3300,-0.2100,0.2100,110.8125,3.7500,-11.1875,-0.0900,-0.0200,-0.1700
159.6250,-12.8125,-4.3125,0.2400,-2.2500,-3.1300,154.0625,-11.7500,-0.1875,4.8200,-12.3200,0.0300,120.0000,-7.3125,-14.4375,7.0500,-1.9300,0.0000,95.8125,-4.3750,-19.5625,1.6500,13.0500,-1.5900,95.1250,-2.8125,-17.1875,0.9900,3.5600,-0.0100,99.7500,-1.8750,-17.0000,0.2200,-1.0900,0.6800,104.1250,-2.3125,-16.4375,-0.4400,-1.6500,-0.0300,106.0000,-2.6250,-15.2500,-0.2200,-0.9500,0.1400,107.5625,-2.9375,-14.1250,0.0200,-0.2200,0.0200,108.6875,-2.8750,-13.1875,-0.0100,-0.3100,0.0500
167.8750,9.1875,-1.3125,-0.5100,-4.8700,-0.8200,154.0625,9.0625,-0.3750,5.2300,-10.9700,0.1800,117.8125,6.5000,-10.4375,4.2500,7.4200,-1.6400,99.6250,1.8750,-14.6875,2.5200,9.5800,-3.7100,100.0625,2.4375,-13.6250,0.4100,1.5400,-1.2400,103.3125,4.5625,-14.3750,-0.1900,-1.9900,1.3000,105.6250,4.6250,-13.5625,-0.5600,-1.5600,0.0900,105.8750,4.5000,-12.8125,-0.0900,0.3000,-0.0600,105.4375,4.4375,-12.1875,-0.0500,0.4700,-0.2700,105.5625,4.6250,-12.3750,0.0000,0.2300,-0.3600
158.7500,-4.3125,-7.0000,-0.9300,-0.0200,-0.7600,159.3125,-2.2500,2.1875,2.3500,-11.2400,-0.0700,127.5625,0.5000,-10.3125,7.6100,-3.8900,1.3200,96.3750,1.0625,-20.1875,3.0100,8.6300,-4.7900,91.0625,0.2500,-19.0625,1.2600,3.4600,-0.9600,94.6250,0.0000,-17.3750,0.0400,-0.4000,0.0100,96.9375,-0.1875,-17.2500,-0.2200,-0.6400,-0.1200,98.6875,-0.7500,-16.3125,-0.0800,-0.3300,-0.1700,99.8125,-0.5000,-15.8125,-0.0300,0.0600,-0.2000,101.1250,-0.1250,-16.0000,0.0800,0.0900,-0.3300
152.1250,6.5000,-0.4375,-1.1800,-9.8400,0.9700,128.3750,6.1250,-7.0000,5.5000,-6.2000,1.8600,94.4375,2.3750,-16.6875,5.5900,1.7700,-2.8500,82.7500,-0.7500,-19.5000,2.0600,7.1600,-5.5600,87.3125,0.0000,-17.9375,0.2300,-0.6600,0.7100,91.1250,0.3750,-17.1875,-0.7200,-1.6000,0.0700,93.3750,0.3125,-16.2500,-0.2300,-0.5800,0.1200,94.7500,0.4375,-16.0000,-0.1300,0.5700,-0.1400,95.6875,0.8750,-15.8125,0.1800,0.3400,-0.1100,97.3750,1.6250,-15.9375,0.1700,0.1000,-0.3100
160.4375,-6.8125,-5.0625,-0.4400,-0.9600,-1.3800,158.3750,-5.4375,2.5000,2.3700,-12.2900,0.0300,128.5625,-3.3125,-9.4375,7.2800,-1.2700,0.4700,100.6875,-3.1250,-18.9375,0.7400,12.7800,-3.9400,99.3125,-2.8750,-15.1875,1.1000,2.5300,-0.6800,101.9375,-1.4375,-15.5000,-0.3300,-0.6500,0.4900,104.2500,-1.1250,-15.6250,-0.3600,-0.9000,-0.0600,105.8125,-1.3750,-15.3750,-0.1700,-0.2600,-0.2400,106.9375,-1.1875,-15.3750,-0.1600,0.0700,-0.0300,107.1875,-0.8125,-16.0000,-0.0300,0.1100,-0.1500
159.9375,5.1875,-5.3750,-0.8600,-1.9800,-0.6800,159.6250,5.9375,4.3125,3.0000,-11.0300,0.4900,128.5000,4.5625,-7.6875,7.5300,-3.0400,0.6100,100.8125,0.8125,-17.4375,3.0000,10.4800,-4.7500,97.5625,-1.1875,-15.6875,1.4200,2.4700,-1.2100,100.0000,-0.5000,-16.1875,0.2200,-0.6500,0.1300,102.7500,-0.2500,-15.7500,-0.4400,-1.2100,0.1000,104.5000,-0.3125,-14.1250,-0.2200,-0.7400,0.2000,104.3125,-0.1250,-14.2500,-0.0400,0.2600,-0.1300,104.5000,0.4375,-14.2500,0.1000,0.6100,-0.1900
164.3750,-15.3750,6.0625,2.3100,-10.8100,-0.0300,132.6250,-12.0000,-8.8750,9.2600,-6.2500,0.4000,102.5625,-8.3125,-21.9375,3.4500,9.7200,-3.0600,96.5625,-6.8750,-18.4375,0.9400,4.4100,-1.2400,99.5625,-5.6875,-16.5000,-0.0200,0.9000,0.4900,103.7500,-5.5625,-15.0000,-0.1400,-0.9300,0.0900,105.6875,-5.4375,-14.3750,-0.3800,-0.2600,-0.3200,106.0625,-4.5000,-14.2500,-0.1500,-0.0500,0.2600,106.7500,-4.3125,-14.1250,-0.2400,-0.2900,0.2800,107.5000,-4.4375,-15.1875,0.7300,0.3700,-1.0600
169.5000,-2.3125,-11.3125,0.0600,-2.2600,-1.4900,169.0000,1.1250,-1.0625,0.5400,-11.6400,1.1000,138.1250,3.6875,-4.5000,6.9600,-2.5500,2.2200,106.3750,-0.1250,-12.1250,2.7000,8.7200,-2.6900,99.5000,-1.8750,-9.6250,0.9600,3.6100,-1.7600,100.7500,-1.0000,-8.9375,0.1100,0.4100,-0.2300,103.4375,-0.5000,-9.0000,-0.1400,-0.3400,0.1500,106.2500,-0.2500,-8.3750,0.0000,-0.3800,-0.1900,107.6250,0.2500,-7.5625,-0.1500,-0.2400,0.1500,108.1250,0.9375,-7.4375,-0.1200,0.5400,-0.1300
157.8750,-1.7500,-3.6875,1.3700,-5.0900,-1.9300,141.9375,0.5625,-4.1875,4.3400,-5.3200,0.0900,110.0625,2.1250,-12.1250,2.7500,3.6400,3.0700,91.0625,-1.5625,-15.4375,1.0200,6.0900,-3.1000,88.1875,-2.0000,-15.5000,0.8800,1.3200,-1.1800,91.7500,-1.5625,-14.6250,0.2000,-0.3700,0.2200,95.0625,-1.7500,-13.3125,-0.4000,-0.6100,-0.4300,96.8750,-1.6875,-12.5000,-0.0200,0.2100,-0.1100,98.6875,-1.2500,-12.1875,0.0700,0.8100,-0.3300,101.4375,-0.3750,-13.0625,0.3500,0.6800,-0.4800
184.5000,0.0000,0.0000,-0.4900,-3.9400,0.2200,179.3750,1.5000,5.1250,1.3600,-11.4300,-0.6000,147.7500,1.5625,-5.5625,7.3200,-5.5800,1.4000,103.8750,0.0000,-18.8125,6.6100,5.3300,-3.3500,87.7500,-2.2500,-20.1250,2.0700,7.8700,-4.8900,90.4375,-1.8750,-18.6250,-0.1200,-0.3700,0.3900,93.6875,-1.3125,-18.5000,-0.9500,-0.9000,-0.3400,95.9375,-0.9375,-18.5625,-0.3700,-0.0600,0.2300,97.1250,-0.7500,-17.9375,-0.2000,0.0100,-0.1200,98.8750,-0.2500,-18.1250,-0.1100,-0.0600,0.0100
168.0000,1.1875,-2.5625,-0.3600,-2.0800,-0.5600,160.5625,2.5000,-1.5625,3.7600,-10.8400,0.0100,123.5000,3.2500,-15.9375,7.5300,1.1700,1.3600,95.5625,0.8750,-21.0000,1.4800,10.8200,-5.3900,89.6250,0.4375,-19.3125,0.8400,3.8700,-1.5600,92.4375,0.6250,-19.5625,0.0500,-0.2600,0.3700,95.9375,0.3125,-18.5000,-0.4600,-1.3200,-0.1400,96.6250,0.5000,-17.2500,-0.2700,-1.4400,-0.1100,94.8125,1.7500,-17.7500,-0.3500,0.0600,-0.2700,94.8750,2.6875,-17.6250,-0.2400,0.7100,0.0900
158.6250,-0.7500,-2.5000,-0.9800,-2.1300,-1.3200,149.2500,1.8750,-1.0000,4.7300,-10.8100,1.8800,113.3750,1.9375,-18.6875,6.6300,0.4800,-0.5000,83.6250,3.0000,-25.9375,2.8100,8.7600,-4.5400,77.8750,2.0625,-26.5625,1.1400,6.4400,-4.0100,80.8750,1.6875,-23.0625,0.0000,-1.0400,0.2400,82.6875,1.5000,-22.2500,0.1400,-0.0600,-0.5700,85.5000,1.0625,-21.6875,0.0000,0.1200,-0.1700,88.5000,0.5625,-20.7500,0.1100,0.0000,-0.1900,91.7500,0.3750,-20.3125,0.2000,-0.1100,-0.4300
177.8125,3.5000,-6.2500,0.1400,-7.8500,-1.3000,151.6875,11.1250,-7.0000,5.0500,-5.6200,0.6900,120.2500,11.4375,-9.5000,2.8900,12.1100,-0.7200,113.5625,9.0000,-7.0000,-0.1300,7.8000,-3.1100,115.8750,9.5000,-6.3750,-0.2400,-2.0500,1.0900,116.2500,9.0000,-6.5625,-0.2500,-1.2500,-0.3900,115.6875,8.8750,-6.6250,0.0000,0.0400,0.0100,114.7500,9.0625,-6.8750,-0.2900,0.0900,0.1600,114.7500,9.0000,-7.8125,-0.1600,0.0100,-0.0200,115.0625,9.4375,-8.6875,-0.1200,0.1100,0.0500
168.8750,-0.4375,-7.0625,0.2400,-1.3500,-1.2700,170.7500,1.5000,3.8750,1.4300,-11.4400,0.1400,138.2500,4.5000,-4.8125,9.1400,-3.9100,0.7500,103.3750,3.7500,-17.0000,3.1500,8.3200,-4.3900,93.1250,1.6875,-21.9375,-0.9200,12.0800,-6.2900,96.5000,1.5625,-17.3750,0.1200,1.7800,-0.4400,97.5000,1.6875,-16.8125,0.2900,-0.5800,-0.5300,99.0000,2.2500,-16.1250,0.0800,0.2100,0.1500,101.6875,2.5000,-14.7500,0.1200,0.0700,0.0600,104.1250,2.8125,-14.5625,-0.2200,0.2000,-0.1500
168.1250,-1.9375,-2.0625,0.5600,-2.5800,-0.9200,162.0625,-0.3750,4.1250,4.9800,-9.5400,-1.9100,122.2500,1.4375,-14.2500,9.9000,1.9800,0.2400,91.6250,0.6250,-24.4375,3.5100,10.9200,-4.5800,85.0000,0.1250,-24.3125,-0.1400,3.8500,-2.6600,88.6875,0.4375,-23.3125,0.4100,-0.0400,0.3400,92.2500,-0.0625,-21.7500,-0.0900,-1.3200,-0.5200,94.6875,0.1875,-21.0625,0.2200,-0.2500,0.0400,97.6250,0.8125,-20.1875,0.3000,0.1500,-0.4600,101.2500,2.0625,-19.6250,0.1200,0.2000,-0.5500
167.6250,2.6875,-3.1250,-0.0700,-0.7800,-0.9000,163.7500,5.0625,-0.2500,1.7200,-10.4200,-2.6500,133.7500,13.0625,-7.5625,5.4800,-6.6500,0.3700,102.5625,13.3125,-14.2500,1.3300,8.9400,-3.1300,96.3125,11.3125,-11.5625,1.1400,3.8500,-1.4900,100.5000,9.6875,-10.9375,1.1800,0.2000,-0.3400,105.6875,8.5625,-10.6250,0.4800,-0.7000,-0.4000,111.5000,8.0625,-10.6875,-0.0900,-0.2600,-0.3400,117.9375,7.8125,-10.4375,-0.7400,0.0000,0.4900,124.9375,6.6250,-11.1250,-0.8200,0.3200,0.7100
161.5625,-6.3125,-2.1875,4.5800,-8.7600,-0.4700,131.4375,-3.4375,-18.8125,7.7100,-1.6200,0.1200,103.8750,-2.1250,-28.3750,1.3800,11.7000,-4.7700,101.6250,-2.9375,-25.8125,1.0800,3.0400,-0.5500,105.4375,-3.6875,-24.3750,0.4400,-0.8600,0.6200,107.0000,-4.3750,-24.2500,0.0400,-0.7200,-0.4100,108.6250,-4.7500,-23.1875,0.4900,-0.2500,-0.1200,110.9375,-4.6250,-22.1875,0.5100,0.2600,-0.3600,115.3750,-4.0625,-21.5000,0.5100,0.9200,-0.6600,123.5000,-2.3750,-20.7500,0.9200,0.7400,-0.1400
186.4375,-7.6875,2.3750,0.8100,-12.9100,-0.7400,154.6875,-2.0625,-7.4375,9.5100,-5.5400,1.4800,120.5000,-0.0625,-17.9375,3.5500,10.7000,-3.3400,115.4375,-0.5625,-13.3125,-0.9000,4.2100,-1.8400,121.8125,-0.5625,-11.4375,0.3500,-0.6400,1.0300,125.8125,-1.2500,-12.3125,0.0500,-1.5600,-0.6300,126.9375,-0.5000,-12.1250,0.1900,-1.0900,-0.0100,126.8125,0.6250,-11.8750,0.0500,-0.5000,0.1100,127.3125,1.8750,-11.5625,0.0000,-0.2400,0.2600,129.1875,2.9375,-11.8125,-0.5200,0.3400,-0.2700
179.1250,-11.2500,-2.8750,1.4800,-5.0700,-3.7800,164.7500,-7.3750,-5.4375,8.6600,-11.0600,1.2600,126.1250,-3.1250,-18.8750,4.9200,9.1800,-0.2000,109.0000,-2.5000,-19.3125,1.3700,7.5300,-1.6000,110.8125,-1.6875,-18.2500,0.6600,0.1200,0.7500,114.3750,-1.6250,-18.5625,0.1800,-1.7800,-0.1400,116.5625,-1.4375,-17.3750,0.0100,-0.9900,-0.2600,118.8125,-0.7500,-16.8125,-0.2500,-0.5000,-0.0700,120.1250,0.0000,-16.0000,-0.4300,-0.0600,0.0600,122.4375,0.6250,-15.4375,-0.2900,-0.0900,-0.1800
166.6250,-6.5000,1.9375,3.2500,-6.0500,-1.3300,150.2500,-5.5000,-5.7500,8.5700,-9.1100,0.1200,109.6875,-2.5000,-20.1875,6.7200,5.7100,-0.4400,88.6250,-2.8750,-22.8125,1.5000,8.1100,-2.4400,89.4375,-3.4375,-22.0625,0.6600,0.8100,0.3300,94.6875,-4.3125,-20.8750,0.6700,-2.3800,0.2400,97.3750,-4.6250,-20.1250,-0.1600,-1.1900,-0.4500,99.8750,-4.1875,-18.5000,0.1100,-0.4100,0.3200,102.8750,-3.6875,-16.8750,0.0800,0.0800,0.0700,106.9375,-3.0000,-15.2500,0.1200,-0.4200,-0.3000
150.1875,-2.7500,-3.3750,1.4500,-5.1200,-1.0100,135.6875,-2.1875,-3.5000,6.0000,-11.2000,2.2200,102.5000,-3.5625,-13.1250,2.7700,5.3600,-0.7200,88.3750,-7.1875,-15.6250,1.4400,7.4900,-2.8300,89.3125,-7.1250,-15.6875,0.5400,0.2500,0.0300,93.0625,-6.9375,-15.1250,0.3400,-1.5200,0.0500,96.8125,-6.8750,-12.5000,0.2400,-1.3300,0.2200,99.6250,-6.5000,-11.0625,0.1100,-0.8700,0.4700,101.6250,-6.1250,-11.1250,0.3900,-0.1900,0.1700,103.9375,-5.6875,-11.3125,0.9400,0.0800,-0.3400
174.3750,-2.0625,-3.1875,-0.2000,-3.6100,-1.2500,163.0625,-0.7500,0.3125,3.5800,-12.0100,1.6700,127.0000,-1.8750,-10.3750,8.3800,4.7000,0.9200,106.7500,-5.8125,-14.8125,2.9200,4.6400,-2.4300,104.6875,-5.6875,-16.8125,0.6300,1.4400,-0.8500,107.9375,-5.1875,-14.9375,0.6400,-0.2300,0.4100,112.5625,-4.8750,-12.5625,0.3600,-0.7800,-0.2000,116.1250,-4.3750,-10.5625,0.0000,-0.7500,-0.2700,117.8125,-3.0000,-9.9375,-0.0700,-0.1800,-0.3000,119.6875,-1.3750,-9.5625,0.0300,0.6000,-0.2100
175.4375,-2.6250,-1.6875,0.0700,-2.9600,-1.3000,165.7500,-1.8750,2.3750,4.1700,-11.5800,-0.1500,129.8125,-0.3750,-10.9375,7.3200,4.2600,-0.1900,113.3125,-2.3125,-14.5000,0.6700,7.3300,-2.6100,114.5000,-2.1875,-11.3750,-0.1500,-0.0100,-0.1800,118.0625,-1.5000,-10.6875,0.4600,-0.5200,0.1000,119.8750,-1.0000,-9.5625,0.0400,-0.5800,-0.2300,120.8125,-0.0625,-8.8125,0.0000,-0.1200,-0.1400,121.6250,1.1250,-8.1875,-0.0100,0.0800,-0.0400,123.0625,2.5000,-8.6875,0.0200,0.1000,0.1300
174.1250,3.3125,-6.5000,-0.4100,-4.2600,-0.9900,161.3750,7.1250,-6.1875,4.3600,-8.5600,1.4200,126.7500,9.8750,-10.2500,4.2900,9.6900,-0.5500,116.1875,8.6875,-6.2500,0.0800,7.0300,-1.6000,119.9375,9.0625,-5.3125,0.6000,1.5400,0.4100,126.6875,8.6875,-6.0000,0.2600,-1.7400,0.1400,130.0625,8.1875,-6.5625,-0.4300,-1.6200,-0.2900,129.6250,7.9375,-5.1875,-0.3500,-0.7500,0.2200,127.1875,7.6875,-4.1250,-0.3500,0.2900,-0.2100,124.6250,7.7500,-3.8750,-0.2700,1.0000,-0.0300
179.6250,0.8750,7.3125,1.1400,-12.2900,-1.5900,155.5625,0.1250,0.0000,5.6100,-7.2700,-1.1300,125.3125,0.0625,-13.8750,1.5200,6.4300,-2.8100,123.6250,-0.9375,-10.8750,0.6000,3.2700,-0.5900,129.4375,-1.1875,-8.0625,0.5000,-0.0200,-0.5300,131.9375,-0.5000,-8.7500,0.2900,-0.3600,-0.4700,133.1250,0.5000,-8.5625,-0.1200,-0.5100,-0.3000,133.0625,1.8750,-8.4375,-0.3100,-0.1400,0.0600,132.1250,3.2500,-8.3750,-0.1400,0.0000,0.1300,130.5000,4.3750,-8.4375,-0.0300,0.2600,0.0800
154.5000,2.5000,2.5000,0.6500,-8.6000,1.0100,130.8125,0.5000,-2.8750,6.8600,-3.8300,2.3700,94.4375,-5.5000,-13.5000,3.5400,10.3900,-5.1000,89.0000,-7.6250,-15.8125,1.5100,5.6600,-3.2800,92.1875,-6.9375,-13.8750,0.6000,0.2500,-0.2800,96.7500,-6.3750,-12.3750,0.3500,-0.3200,-0.6800,100.0625,-5.2500,-10.7500,0.2800,0.0100,-0.0700,101.7500,-3.6250,-10.2500,0.1400,0.0500,0.4700,103.6250,-1.8125,-10.6250,0.1300,0.4200,-0.0400,106.2500,-0.3125,-10.5000,0.1200,1.1600,-0.6700
164.1250,0.6250,-3.1875,-0.9300,-3.8000,-0.1700,153.5000,0.7500,1.7500,8.2400,-11.4400,2.1800,112.8125,-2.6250,-14.8750,4.5200,9.5700,-3.9900,100.7500,-4.9375,-15.3750,1.7000,7.7200,-2.9900,104.6250,-4.0000,-13.1875,1.2800,0.0200,1.0600,107.8125,-3.3125,-12.1875,-0.6100,-2.0300,-0.1100,108.8125,-3.1250,-12.0000,-0.2100,0.0000,-0.0300,110.6250,-3.1875,-10.8125,-0.1200,0.4100,0.3100,111.5000,-3.3750,-10.6250,0.1600,-0.0200,0.0000,111.5625,-3.0625,-11.1875,0.2500,-0.5700,-0.7300
162.0000,-2.4375,4.6250,4.2300,-11.6200,-0.9100,131.2500,-2.6875,-9.6875,7.9200,0.0700,1.2700,107.1250,-5.5000,-17.9375,1.6000,13.5500,-4.8900,106.1875,-6.1875,-14.0625,0.9200,3.3400,-1.2500,110.6250,-5.4375,-13.6875,0.0800,-1.1900,0.9400,112.5625,-5.8750,-13.3125,-0.4200,-1.6500,-0.3700,112.3750,-5.9375,-13.2500,0.0000,-0.1500,-0.4100,113.0000,-5.6250,-12.8125,0.4300,0.5200,0.1100,113.3750,-4.2500,-13.5000,0.5700,0.5100,-0.6300,116.5625,-2.5000,-13.4375,0.6900,-0.0600,0.1100
177.5000,1.6250,-5.6250,-0.1200,-7.1600,-0.6400,160.8750,6.1250,-7.1875,5.4400,-10.1900,-1.2000,126.3750,12.2500,-8.4375,3.8500,4.8700,0.5700,118.8125,10.1875,-6.5000,0.6300,7.1900,-0.7000,126.6875,8.8750,-6.1875,0.5800,0.7800,-0.0700,133.6875,7.5625,-8.2500,0.1300,-1.9900,-0.4800,137.3750,7.5000,-8.8125,-0.5400,-2.2200,-0.1600,135.8750,8.0000,-8.2500,-0.7200,-0.5600,0.0400,134.3750,8.3125,-8.0625,-0.6000,0.5700,0.3700,133.3750,8.2500,-7.8125,-0.6800,0.3600,-0.0400
161.1875,1.7500,4.8750,2.8200,-14.9500,-1.4000,133.5000,3.4375,-5.8750,6.1700,-3.9000,0.5200,109.8750,0.3125,-14.7500,-0.0500,10.0500,-4.1200,107.3750,0.0000,-13.8125,-1.0600,5.6700,-1.8500,112.5000,0.1250,-15.3750,0.2600,-0.2400,0.6000,115.1250,-0.4375,-14.4375,-0.0700,-2.5200,-0.1800,115.3750,-0.3125,-13.5625,-0.1500,-1.2000,-0.3000,114.5000,0.6250,-12.8750,-0.0200,0.3900,-0.0300,115.0625,1.7500,-13.1875,0.0100,0.3000,-0.4800,117.2500,3.4375,-14.0625,0.2400,0.4600,-0.3300
172.0000,1.5000,-13.9375,-0.3100,-2.7200,-0.7800,171.6875,3.7500,-4.3125,3.0700,-13.5200,-0.2200,138.8125,10.0625,-7.1875,7.0200,-4.1800,1.1200,113.4375,8.7500,-9.7500,2.4400,9.0300,-2.3700,112.5000,7.6250,-6.6250,-0.0700,3.2400,-0.1700,118.0625,7.0000,-8.5625,0.0800,-0.5700,0.0900,121.5625,6.2500,-10.0625,-0.2600,-1.8600,-0.7300,121.5000,6.8125,-9.3750,-0.2200,-1.1300,-0.0300,120.1875,8.0625,-8.2500,-0.4200,0.0600,0.2700,119.0000,8.5000,-7.7500,-0.5000,0.4300,0.1300
162.6875,-0.3125,-8.6250,1.0100,-2.0800,-1.4600,159.7500,0.0625,-1.5625,3.9300,-12.2000,-1.5900,128.6250,1.9375,-9.8125,7.3000,-2.7100,-0.1200,105.0000,-0.5000,-17.1250,0.9200,10.8500,-4.5700,103.8750,-0.8125,-15.1250,0.2200,2.6800,-0.8700,106.4375,-0.3750,-15.9375,-0.1400,-1.3600,0.2700,109.4375,-1.0625,-15.5625,-0.0700,-1.5900,-0.2800,110.3750,-0.3750,-15.0625,-0.2100,-0.1600,-0.4000,111.0625,0.3750,-15.0625,-0.1500,0.2900,0.3300,112.2500,0.8125,-15.3750,0.1600,0.0900,-0.3700
164.5000,6.3750,-7.3750,0.0400,-6.9200,-0.5900,146.0625,11.5625,-5.8750,2.3000,-6.9600,-0.4600,117.1250,13.8750,-8.9375,1.2400,8.2900,-1.5200,109.8125,13.3125,-8.0000,0.8600,5.7700,-0.9900,115.6250,13.2500,-9.7500,0.2000,0.5500,0.1800,126.1250,11.8125,-10.7500,-0.1200,-2.2400,0.0000,131.6250,10.4375,-10.3125,-0.0400,-1.9700,0.2400,132.5625,9.8125,-9.6250,-0.1400,-1.3100,-0.3000,131.0625,10.1875,-8.7500,-0.3500,-0.2300,-0.2300,129.3750,10.7500,-7.8750,-0.3300,0.3000,0.0100
165.6250,0.1875,1.8750,2.7500,-7.1800,-1.3200,151.5000,-0.2500,-4.0000,4.7900,-7.5900,-1.4400,121.5000,1.2500,-19.8125,3.1500,7.1400,-0.9900,109.9375,0.5000,-20.9375,0.3500,6.8700,-1.7900,114.6875,-0.1875,-17.8750,0.7400,0.3200,-0.0800,119.8125,-0.6250,-16.2500,0.2200,-2.0800,-0.0900,122.1250,-0.7500,-16.2500,-0.1900,-0.9300,-0.3600,124.2500,-0.2500,-16.2500,0.0100,-0.3200,0.2200,126.0625,0.1875,-15.6875,-0.0100,-0.3900,0.3000,127.8750,0.1875,-15.3125,0.0100,-0.3400,-0.0900
172.2500,-6.9375,-7.8125,1.4000,-3.7700,-1.1000,164.3750,-5.6250,-2.6250,4.6900,-15.5500,-0.3600,128.5625,-2.4375,-17.5625,6.5700,4.5100,0.6700,106.2500,-3.1250,-24.9375,2.2000,10.0400,-4.3400,105.1875,-3.4375,-22.3750,1.2600,0.5400,-0.7500,107.6875,-2.3750,-22.5625,0.1700,-1.4100,0.4400,109.8125,-2.2500,-22.6250,-0.1200,-0.8700,0.5900,111.0000,-2.3125,-21.8750,-0.0400,-0.9500,0.1800,112.5625,-2.1250,-21.2500,0.3700,-0.5200,0.0800,113.7500,-1.5625,-20.5000,0.3300,-0.3300,-0.0800
165.5000,3.0000,-1.6875,-0.9000,-10.0900,-0.1600,146.8125,2.1250,-2.1875,5.7600,-10.1700,1.6800,110.0625,-1.6875,-11.2500,6.2100,7.6200,-0.8000,92.3125,-5.5000,-15.5000,3.5300,5.0300,-2.5600,91.4375,-5.5625,-15.6875,0.3700,-0.0300,-0.7700,94.6875,-4.6250,-14.8125,-0.1600,-1.4300,0.6400,96.8125,-4.7500,-13.9375,0.0700,-0.8200,0.0200,97.6875,-4.5000,-13.4375,0.0700,-0.0300,0.0900,99.9375,-4.5000,-12.6250,0.4200,0.3300,-0.1900,103.3750,-4.6250,-11.3750,0.5100,-0.0100,-0.2200