137.0000,-0.6875,2.3125,0.5300,-0.2600,0.4800,138.0625,-0.5625,2.9375,0.3900,-0.3300,0.4100,139.1875,-0.0625,-2.3125,0.5900,-2.4100,1.7500,139.9375,-2.6875,-40.1250,0.7700,-0.6100,-1.2500,139.4375,-3.3125,-72.8750,0.0900,-1.5400,-1.1600,139.1875,-1.5625,-96.3750,0.4000,-0.0900,-1.7300,142.6250,-1.4375,-113.8750,0.7800,0.2300,-0.5500,143.9375,-1.5000,-114.1250,0.4800,-1.4300,-0.2000,143.3750,-1.5000,-111.9375,0.4400,-1.0900,-0.6100,142.6875,-1.5000,-110.5000,0.4000,-0.9100,-0.4400
146.5000,-2.9375,3.3125,0.2800,-0.2600,0.1500,146.1875,-2.5625,2.8125,0.0200,-1.8100,0.2200,147.5625,-3.3125,-12.7500,0.1500,-1.7100,-0.4200,150.4375,-5.5625,-39.4375,-0.1300,-0.9400,-0.1300,152.4375,-6.5000,-59.9375,0.1900,0.4200,-1.0400,153.3125,-6.0000,-75.7500,0.4300,0.1200,-1.6100,152.9375,-4.4375,-92.6875,0.7600,0.9100,0.2000,153.2500,-4.3125,-95.4375,0.2300,-0.8400,-0.8800,153.6250,-4.3750,-96.1875,0.3600,-1.1700,-0.4000,154.2500,-4.4375,-96.2500,0.3000,-0.5900,-0.6500
95.1250,-0.1250,-0.2500,0.5400,-0.3100,-0.1800,94.7500,-0.0625,0.1250,0.3600,-1.4000,0.3400,95.0000,-1.3750,-5.3125,0.7400,-2.2600,1.0800,94.1250,-5.0000,-30.1250,-0.1800,0.7500,-1.9800,92.8125,-4.7500,-54.3750,-0.0100,-0.1600,-1.1300,90.5625,-2.2500,-73.9375,-0.1500,-1.0100,-1.6100,88.8125,-0.1250,-93.2500,0.1400,-0.0500,-1.8300,89.8750,-0.5625,-112.4375,0.5400,0.5900,-0.4900,93.8750,-3.5625,-117.7500,0.3300,-0.7400,-0.3100,95.7500,-5.0000,-118.0000,0.2500,-0.6300,-0.2500
33.0000,2.6875,-4.4375,-0.4800,-2.2300,0.3100,35.7500,1.9375,-7.5625,-1.2400,-2.4200,-0.3500,42.1875,-0.8750,-25.6875,-0.9200,-4.8100,-0.4600,42.5625,0.1250,-52.7500,-0.6000,-0.6200,-0.2000,43.1875,0.8125,-74.3750,0.0200,-0.6000,1.3500,42.5625,1.3750,-94.2500,-0.0400,0.2100,1.8700,40.1250,2.2500,-106.3125,-0.5000,0.4500,1.4100,37.3125,2.3750,-111.8125,-1.0300,-1.0800,-1.2500,38.5625,1.6875,-112.4375,-0.6700,-1.4400,0.3800,39.5000,1.3750,-112.0000,-0.4200,-0.6200,1.2100
10.8125,1.8125,-2.0000,-1.2200,-1.8500,0.2500,15.1250,1.3750,-9.0625,-1.8000,-1.2100,-1.0400,17.4375,2.2500,-27.5625,-2.1100,-0.2200,-1.6600,17.8125,2.1250,-47.8750,-1.8500,-4.0900,-2.4600,15.8125,1.5625,-65.3125,-1.0800,-3.8000,-2.1500,13.5000,3.0625,-80.3750,-1.2500,-1.3000,-1.7800,12.1250,4.2500,-92.7500,-0.9700,-0.2100,0.3900,9.3750,5.9375,-98.8750,-0.6500,0.1400,0.2100,8.8750,6.5625,-100.7500,-1.1200,-0.6900,0.1400,8.7500,6.9375,-100.8750,-0.8700,-0.1700,0.4000
126.8125,-0.2500,-2.3125,0.5100,-1.3500,0.4600,124.5000,-0.6875,-2.3125,0.6100,-1.7200,0.7800,123.5000,-1.8125,-11.0000,0.8100,-3.1400,0.6800,126.7500,-5.7500,-40.1875,-0.3100,-1.4400,-2.0500,128.7500,-6.3125,-62.0000,0.2600,-1.6100,-0.0200,129.5000,-7.6875,-81.4375,0.7500,-1.6600,0.4000,129.7500,-7.5000,-96.5625,0.7600,-0.8800,0.4300,129.0000,-6.5625,-109.3750,0.7000,-0.2600,0.9300,127.8750,-5.5000,-113.8750,0.8900,-0.2200,1.1800,126.6250,-4.7500,-114.1250,0.6200,-0.1000,0.7600
164.1875,-5.7500,-0.3125,0.5900,-0.8400,0.1000,166.5000,-5.2500,-14.6250,0.9800,-1.1100,1.8400,171.4375,-7.3750,-44.4375,1.2600,-0.9700,0.4900,176.1250,-11.4375,-71.1875,0.7500,-1.6100,-0.7400,178.3750,-10.1250,-89.9375,1.2600,-1.3200,0.1300,179.2500,-8.1875,-102.0000,1.2600,0.5400,0.3200,179.4375,-7.6875,-104.6875,1.2700,0.3600,0.7200,179.0000,-7.6875,-103.9375,0.8300,-0.7400,-0.2600,178.3125,-7.7500,-103.2500,0.8100,-0.4000,-0.5400,178.0000,-7.9375,-102.7500,0.8500,-0.9300,-0.4800
194.4375,-5.1250,2.0000,0.6700,0.5400,0.3000,193.8750,-4.6250,-0.6250,0.2700,-0.6000,-1.0300,197.0000,-5.2500,-25.1875,-0.5800,3.6000,-3.4400,198.8125,-4.3125,-46.2500,0.5200,-0.8200,-1.8700,201.2500,-5.5000,-72.0000,1.0800,-1.3900,-0.9800,204.6250,-7.0625,-88.4375,1.2200,-1.1800,0.4000,210.3750,-10.0625,-100.6875,0.9200,-0.5300,0.0800,214.6250,-12.1250,-107.3750,0.8200,-0.4600,0.2000,212.1250,-12.3750,-108.2500,0.6100,-0.9400,-0.9900,209.7500,-11.9375,-107.3750,0.5900,-0.9100,-1.0600
196.3125,-1.3750,-0.9375,0.2200,-0.2000,-0.0400,195.1875,-1.4375,-0.8750,0.3400,-0.1000,-0.0200,195.4375,-1.3125,-4.1250,-0.4100,-0.4600,-0.8700,198.5000,-1.5000,-26.1250,0.1600,-0.3900,-0.9900,202.5000,-3.9375,-58.5000,0.7100,2.6900,-1.0300,208.5000,-8.2500,-83.1250,0.3500,-1.8900,-1.6200,210.9375,-7.7500,-93.5000,0.7300,0.2200,-0.0500,209.5625,-5.6875,-95.3125,0.3800,0.6400,-0.6100,207.7500,-5.2500,-94.6250,0.3000,-0.8200,-0.7700,206.8125,-5.1250,-94.3125,0.5300,-0.6900,-0.6100
149.5000,-5.5625,-2.2500,0.4100,-0.9800,0.2300,150.8125,-5.2500,-4.6250,0.6000,-2.4200,0.6600,152.5625,-7.5000,-25.0000,0.3900,-2.6600,-0.5600,156.1250,-11.3750,-59.7500,0.4000,-0.9600,-0.7000,158.0000,-11.6250,-83.1875,0.8100,0.8400,-1.2200,159.7500,-11.7500,-96.1250,0.9000,-0.9300,-0.0500,159.2500,-11.3750,-99.1875,0.7800,-1.6700,-0.2700,160.8125,-11.0000,-100.0000,0.6000,-0.4500,-0.5200,162.7500,-10.9375,-100.1875,1.0400,-1.2700,-1.4500,164.8750,-10.3125,-101.3125,0.8200,-0.1500,-0.2400
255.3125,-0.0625,8.4375,-0.7600,-0.0800,0.0300,255.0000,-0.3125,7.6250,-0.5700,0.9000,1.2600,256.2500,-1.1875,-0.8750,-0.7800,-1.4000,-0.4400,257.1250,-2.6875,-24.5000,-0.8800,1.0000,-0.4700,260.3750,-5.5000,-50.1250,-0.8500,-0.7300,-2.2400,262.6250,-6.3750,-75.6250,0.1000,-3.1000,-0.3800,263.6875,-5.6875,-102.4375,0.0000,1.3100,0.0900,266.6875,-6.7500,-107.3125,-0.7100,-0.7500,-1.0600,267.5000,-7.3750,-105.8125,-0.8400,-0.4800,-1.9700,268.5625,-8.1250,-103.5625,-0.7300,-0.4800,-1.3700
258.0625,2.1250,1.6250,-0.9600,0.0000,-0.2000,259.8750,2.3750,-11.4375,-0.1000,-2.2900,2.0200,263.8125,-2.6250,-50.0625,-0.1500,-0.4600,-0.6400,265.9375,-6.4375,-77.0000,-0.4400,-0.6400,-1.0000,269.1250,-8.5625,-90.6875,-0.2000,-1.5300,-0.0500,270.3750,-9.3750,-99.4375,-0.4500,-0.3500,-0.6500,270.6250,-9.7500,-101.6875,-0.5100,-0.6300,-0.6800,270.1875,-9.6250,-101.6250,-0.4700,-0.9900,-0.4200,269.9375,-9.5000,-101.3750,-0.6100,-1.2300,-0.6600,269.5625,-9.0625,-100.7500,-0.3700,-0.7700,-0.2500
264.3125,1.4375,1.8750,-0.6900,-0.0300,-0.3300,264.3750,1.3750,1.2500,-0.7000,-0.4300,-0.0900,265.5625,1.5000,-3.5625,-0.6300,-2.1400,-0.1100,268.5000,-0.6875,-29.4375,-0.8700,-0.8400,-2.0100,270.7500,-4.8750,-61.9375,-0.5100,1.0900,-2.3400,271.7500,-7.8750,-92.3125,-0.8400,1.4000,-3.5800,272.0000,-8.2500,-107.3125,-0.6500,-0.3500,-2.0300,271.8125,-7.6875,-112.2500,-0.3900,-1.1900,-0.9400,271.5000,-7.7500,-111.7500,-0.4400,-1.9500,-0.6800,271.3125,-7.4375,-110.8750,-0.4200,-1.3800,-0.7300
280.8750,1.8750,1.1250,-0.6200,-0.3900,-0.2700,281.1875,1.8750,1.8750,-0.4800,-0.6500,0.3100,281.5000,2.0000,1.1250,-0.5300,-1.2300,0.6600,283.8125,0.6250,-13.7500,-0.5100,-1.4700,0.5500,285.2500,-0.3750,-34.4375,0.0200,-1.5200,0.9700,286.6875,-4.6875,-67.6875,-0.4000,-0.9500,-1.5900,283.6875,-3.1875,-90.8750,-0.4400,0.5000,-1.7500,284.5625,-2.1875,-104.0000,-0.0400,-0.7400,0.2000,288.1875,-3.5625,-111.9375,-0.2700,-1.0700,0.4200,289.4375,-4.6875,-112.6250,-0.5900,-1.7300,-0.7300
304.4375,1.0625,1.8125,-0.3900,-0.4800,0.2000,304.3750,1.1875,1.5000,-0.6200,-0.2500,0.1900,305.0000,1.5000,1.1875,-0.5700,-0.1500,0.0800,306.2500,0.4375,-7.0625,-0.2800,-2.8000,1.2100,308.0000,-3.6875,-29.6250,-0.0700,-0.9300,0.3600,311.0625,-8.8125,-57.3125,-0.4600,-0.9200,-1.5000,310.4375,-7.3125,-87.1875,-0.3400,1.1100,-3.0300,312.8750,-7.5625,-103.1875,-0.0400,-0.4500,0.3100,315.6250,-9.2500,-108.6875,-0.2700,-0.9300,-0.1500,316.1875,-9.1875,-109.1250,-0.5100,-1.7700,-0.5500
246.8125,-1.6875,-3.5625,-0.1000,0.4000,-0.0900,245.5625,-1.3750,-3.2500,-0.0200,-0.0100,0.1500,244.8125,-1.2500,-3.5000,-0.1100,-0.6100,0.0900,244.5000,-1.7500,-7.8125,-0.1100,-1.4800,-0.0100,245.3750,-2.8750,-22.2500,-0.3800,-0.7900,-0.3500,248.0625,-5.0000,-45.8750,-0.0500,-0.6600,-0.7600,253.3125,-8.3750,-78.0000,0.0200,0.3100,-1.4100,257.8750,-10.6875,-102.0625,-0.4100,-0.4400,-2.4000,260.4375,-11.0000,-112.3125,0.1800,-1.5300,-0.1200,260.5000,-10.1250,-115.0625,0.1600,-0.6400,-0.0100
206.0000,-3.4375,1.2500,-0.0500,-0.5200,0.1500,205.8125,-3.3125,1.6875,0.0900,-0.4800,0.3000,205.5625,-3.3125,0.4375,0.2800,-0.9500,0.8600,206.0000,-4.5000,-11.1250,0.1500,-1.4500,0.4200,207.5000,-6.9375,-33.2500,0.2300,-0.7400,-0.4800,209.1250,-9.1250,-60.7500,0.3800,-0.9300,-0.5800,209.8125,-10.0625,-83.8125,0.3500,0.2600,-1.2900,211.9375,-11.6250,-97.4375,0.0800,-1.6400,-1.0500,213.4375,-12.4375,-102.5625,0.2100,-0.7300,-0.5700,213.0625,-12.5625,-102.3750,0.2200,-1.1100,-0.0700
114.0000,-2.1250,0.1250,-0.0100,-0.6000,0.3200,113.3125,-2.3750,-0.9375,0.2600,-1.1200,0.6900,116.0625,-3.8750,-20.0000,-0.0200,-1.9800,0.3500,120.9375,-8.0000,-53.3750,0.4300,-1.6500,-0.4300,120.6875,-10.2500,-80.1875,0.3500,-1.5600,-0.7200,114.5000,-7.9375,-95.3125,0.0300,-0.5100,-2.7200,110.3750,-5.5000,-98.9375,0.2000,-0.5400,-0.7800,109.5625,-5.0625,-98.8750,0.1200,0.2000,-1.1200,109.4375,-4.8750,-98.0625,0.2600,-0.6900,-0.6400,108.8750,-4.5625,-97.3125,0.2100,-0.4000,-0.8500
301.0000,2.5625,0.1250,-0.3400,-1.0300,0.0500,301.5000,2.6250,-0.1250,-0.2800,-1.0800,0.3400,301.0625,1.3125,-9.2500,-0.0200,1.1600,-0.1000,302.1875,-1.6250,-27.3750,-0.1200,-1.8400,-0.4800,299.5625,-0.7500,-46.9375,0.2500,-0.1300,-0.1800,298.8125,-0.2500,-66.1875,-0.1800,-2.3100,-1.4300,300.3125,0.1250,-88.6250,-0.2200,-1.4900,-0.6000,302.3125,1.0625,-100.3750,0.4000,-0.6600,0.7700,301.5625,2.2500,-103.9375,-0.0400,-0.3800,0.1000,301.7500,2.3125,-104.0000,-0.2800,-0.6100,-0.3100
347.1875,-3.1250,-2.0000,-0.0400,-0.8800,-0.2200,346.7500,-3.3125,-2.1875,-0.3300,-0.2300,-0.0100,347.0625,-3.6875,-6.3750,-0.9500,-2.4700,-0.4900,346.0625,-2.6875,-21.0625,0.0000,0.0700,0.5800,347.6250,-5.1875,-41.6875,0.2800,-2.9900,1.1100,350.7500,-8.0000,-59.8750,0.4500,-3.1900,0.3200,356.0625,-11.6875,-78.5000,-0.3000,-2.0300,-3.6800,357.6250,-9.8125,-89.0625,0.5400,-0.4700,-0.7100,358.7500,-8.4375,-92.9375,0.9900,-2.1900,1.3000,359.1250,-8.1875,-93.9375,0.2200,-1.4600,0.1100
20.7500,-1.9375,-3.4375,0.0900,-0.0800,0.0900,20.8750,-2.0625,-3.7500,-0.1100,-0.7100,0.2400,20.6250,-1.6875,-10.6250,0.1800,-1.0600,-0.2100,18.9375,0.2500,-27.2500,0.5700,-2.6100,0.3100,19.5000,-0.4375,-48.3750,0.9600,1.0200,-0.4300,26.8125,-7.1875,-72.5625,0.3500,0.1900,0.7900,27.5625,-5.8750,-81.5625,-0.3700,0.9200,-0.0200,26.1875,-3.1250,-85.4375,0.1600,-0.8100,0.5900,25.5625,-2.1250,-85.9375,0.4500,-1.3900,1.0700,25.6250,-2.4375,-86.3125,0.0400,-1.5500,-0.4200
248.6250,-6.5625,-2.1875,0.4500,-1.8900,0.9700,247.6250,-5.8750,-3.0625,-0.4000,-0.9100,-0.0700,246.5625,-5.1250,-4.3750,-0.2900,-2.3200,0.9400,244.4375,-6.3125,-14.1875,-0.0900,-2.9900,1.2600,240.8750,-7.3125,-34.3750,0.4000,-1.5000,0.5900,236.5625,-7.7500,-61.2500,0.1500,-1.3500,-2.1200,228.7500,-4.0625,-87.1250,-0.1900,1.7900,-1.4000,223.6875,-0.8750,-93.8125,-0.2800,-0.9700,-1.2200,222.0625,0.0625,-94.9375,-0.3600,-0.5600,0.1000,221.0625,0.5000,-94.9375,-0.3500,-0.0100,0.5600
175.5000,0.7500,2.8750,-0.1800,-0.5900,0.4500,175.1875,0.7500,2.8125,-0.5200,-1.2100,0.0100,176.6875,0.0625,-10.7500,0.0900,-2.6700,0.2500,179.3125,-3.0625,-36.6250,-0.3400,-2.8100,-0.0800,179.6250,-4.7500,-64.5625,-0.4200,-1.2900,-1.7400,178.8750,-3.8750,-83.3750,0.4400,-1.5500,-0.1400,176.5000,-3.0625,-91.8750,0.0000,-1.7100,-0.1500,175.6250,-3.3125,-94.3750,0.0000,-1.3200,0.0900,174.8125,-3.0625,-94.9375,0.1600,-0.7600,0.2800,174.7500,-3.0625,-94.8125,-0.0300,-1.0600,-0.0900
220.3125,-2.7500,0.1250,-0.3400,-0.0300,-0.4500,220.6250,-2.1250,-1.1250,-0.1900,-1.2000,0.5000,222.1250,-2.8125,-10.4375,0.3300,-3.4000,1.2800,224.3125,-4.8750,-33.6875,0.0000,-1.2400,-0.2200,228.2500,-6.8750,-63.9375,0.0500,0.5500,-1.2700,233.8750,-10.2500,-87.1250,0.4200,-1.9000,0.5600,240.1250,-13.1875,-104.1250,0.4200,-1.3400,0.8400,241.1250,-12.6250,-112.5000,0.2100,-0.4500,0.2800,237.5625,-10.3750,-112.8750,-0.0600,1.1200,-0.4900,235.7500,-9.6875,-109.9375,-0.0200,0.7900,-0.0600
123.0625,2.8125,0.6250,-0.6300,-1.1800,0.1300,122.6875,2.8750,1.3125,-0.7300,-1.2000,0.3600,123.8750,1.6875,-8.9375,-0.2600,-4.2700,-0.0600,121.9375,-0.4375,-34.4375,-0.7800,-1.1600,-2.6900,117.3750,0.1250,-64.0625,-0.0500,-0.7900,-0.2700,112.2500,1.0625,-86.6875,-0.6500,0.9500,-2.1400,107.6875,1.6250,-97.3750,-0.9400,0.0100,-3.2600,106.6875,1.1250,-99.9375,-0.6700,-0.8200,-1.5200,107.0625,0.7500,-100.0625,-0.7700,-0.6700,-1.3100,107.5000,0.5625,-100.0625,-0.6200,-0.7800,-0.7800
67.0625,-2.8125,-0.6875,-0.2700,-0.4100,0.7600,67.3750,-3.0000,-1.5625,-0.2900,-1.0300,0.4200,69.0000,-3.6250,-17.6875,-0.2800,1.7500,-0.1500,70.4375,-4.5625,-40.9375,-0.4100,0.4000,0.7100,68.6875,-5.6875,-63.0625,0.1200,-0.8600,0.5100,63.1875,-4.5000,-82.0625,0.1000,-0.4500,-1.9900,58.6875,-2.2500,-93.8125,0.2300,-1.2000,-2.0800,57.0625,-0.5000,-96.9375,-0.3000,-0.8700,-1.6900,56.8125,-0.0625,-96.8125,-0.0600,-1.1900,-0.8300,57.1875,0.0000,-96.1250,-0.2200,-1.2200,-0.6500
170.7500,3.1875,0.1250,-0.5100,-0.7200,-0.4600,170.7500,3.1875,0.3125,-0.4100,-1.0500,-0.1700,170.5000,3.1875,0.5625,-0.2900,-0.9700,0.4700,170.5625,3.1250,0.8125,-0.3400,-1.2100,0.0500,170.0000,3.1250,-1.0625,-0.5400,-1.9900,0.8500,170.0000,0.8750,-27.5000,-0.1500,-2.6400,-0.6300,171.0000,-5.3750,-80.6250,-0.4000,-2.8100,-5.4400,171.1250,-4.5625,-105.3125,0.0600,-1.4400,-0.0100,172.2500,-5.0625,-106.5000,-0.3300,-2.3900,-0.1600,171.1875,-4.2500,-105.6250,-0.2200,-0.8000,-0.1200
212.6875,-1.9375,-0.6250,-0.5300,-0.1500,-1.1400,212.2500,-1.6875,-1.0000,-0.3300,-0.5800,-0.3100,213.1250,-1.8750,-7.3125,-0.1900,-1.4200,0.4900,216.0625,-2.6250,-30.1875,0.1200,-1.0000,0.3300,218.3125,-5.5625,-62.7500,0.0500,0.8400,-0.4800,220.3125,-7.3750,-84.8125,0.1200,-0.7800,-1.0900,221.7500,-6.7500,-103.6875,0.0700,-0.4500,-0.8500,221.6875,-5.8125,-108.6875,0.0900,-0.8100,0.1600,220.8125,-5.5000,-107.7500,0.0400,0.3700,-0.2200,220.1875,-5.3750,-106.3125,0.0000,-0.4900,0.3200
248.8750,-3.0625,-1.0000,0.0900,-1.4200,0.0700,248.1875,-2.6875,-0.0625,0.0000,-0.8300,0.3800,247.8750,-1.9375,0.7500,0.0700,-0.3600,0.9000,248.1875,-1.5000,-0.8750,-0.7200,-1.2700,-0.5400,251.8750,-2.0625,-31.5000,0.7200,0.4600,0.9300,256.3125,-9.7500,-83.3125,-0.1400,1.9800,-4.8700,260.1250,-9.6875,-104.1250,0.8900,1.0300,1.0700,260.7500,-10.5000,-107.1250,-0.0900,-2.5600,-0.9700,259.4375,-10.2500,-105.3125,0.1200,-0.7600,0.3800,258.5625,-9.9375,-104.2500,0.1900,-0.6100,0.1300
280.5625,-1.0000,1.9375,0.1200,-0.1600,0.4400,281.5625,-1.0000,2.2500,-0.0600,-0.3000,0.2700,283.1250,-1.3125,1.0625,-0.2600,-0.9000,0.5200,286.8750,-1.6250,-14.5625,-0.4000,-3.3700,0.9900,291.3125,-5.9375,-59.6875,0.4100,-4.4200,-1.1600,296.7500,-8.4375,-101.3750,1.7100,0.0800,3.0800,304.3125,-12.4375,-109.6250,0.5600,-1.8600,0.1300,304.6875,-13.3125,-108.2500,-0.0400,-1.4800,-0.4900,304.7500,-14.4375,-105.8750,0.1900,-1.8700,0.0900,303.5625,-14.1875,-103.3750,0.1600,-1.0400,0.1900
214.1875,-3.8125,-1.0625,0.1200,-0.7600,0.5900,214.1250,-3.5625,-2.1250,0.0600,-1.5100,0.4600,216.4375,-4.3750,-16.1875,0.0900,-1.9800,1.0100,220.3750,-8.3750,-48.1250,0.3200,-4.3500,0.5200,224.4375,-11.8125,-98.1250,-0.2800,2.7600,-3.8300,230.0625,-11.6250,-117.1875,0.8800,0.3800,0.3200,230.1250,-11.8125,-118.4375,-0.1400,-1.3400,-1.6200,228.5000,-11.6250,-116.3125,-0.2100,-1.5200,-1.2600,227.7500,-11.5000,-115.0000,-0.1900,-1.0300,-0.6700,226.5000,-11.1875,-112.8750,0.0400,-1.0400,-0.5700
200.3125,-0.1250,1.4375,0.1300,0.1500,0.2000,200.6875,-0.0625,1.7500,0.2200,0.1400,0.3400,200.8125,-0.8125,-0.7500,-0.3200,-1.4300,0.8100,201.1875,-3.1875,-20.9375,0.3700,-0.4800,1.5900,199.8125,-8.1875,-60.5625,1.3800,-2.2800,-2.9900,193.1250,-4.8750,-95.0625,1.0800,-0.4100,0.0100,191.3125,-4.8125,-102.5625,0.2200,-0.9900,-1.0800,191.1250,-5.4375,-102.3750,0.1100,-1.0500,-0.5900,191.1250,-5.6250,-101.5625,0.1300,-0.5500,-0.8300,191.2500,-5.6250,-101.3750,0.4000,-0.4100,-0.0900
137.0000,0.3125,-2.3750,-0.2500,-1.5100,0.0800,137.0000,0.1875,-2.4375,-0.4200,-1.9100,0.0400,136.6875,-0.1250,-6.8750,0.1900,-3.1400,1.6000,135.5000,-2.0000,-28.3750,0.4000,-2.4800,1.3500,132.1875,-4.8125,-65.4375,0.7000,-1.3800,1.4900,124.6250,-4.0000,-96.5625,-0.1200,-1.3800,-1.7300,114.8125,0.0000,-111.6875,-0.3700,-0.9900,-2.4100,113.0000,1.3125,-112.8125,-0.0100,-0.2800,0.5500,114.0000,0.8125,-111.3750,0.0700,0.0500,1.3700,114.5000,0.3750,-110.2500,-0.2000,-0.5700,0.6700
223.2500,-2.5625,0.5000,0.3900,-0.4300,-0.1500,223.1250,-2.8125,1.0000,0.2200,-0.7100,-0.1800,224.1875,-2.7500,-1.9375,0.4800,-1.1000,1.6000,230.2500,-6.2500,-24.8750,0.1500,-1.7600,1.9600,238.3750,-11.4375,-63.4375,-0.2000,0.2300,-2.2900,241.1875,-6.4375,-88.6250,0.5200,4.4200,-3.7000,247.3750,-6.7500,-102.2500,1.1000,0.0500,-1.9700,249.1250,-6.6875,-104.1250,1.0800,-0.6700,-0.3100,250.0000,-7.3750,-102.5000,0.6200,-0.8100,-0.3200,249.8750,-7.5625,-100.6875,0.9400,-0.9600,0.0300
318.4375,2.3125,2.6250,-0.4100,0.3400,0.4500,318.2500,2.1875,2.8125,-0.4600,0.4800,0.3500,317.6875,1.9375,0.0000,-1.2100,-1.2700,-0.5900,314.2500,2.5000,-19.5000,-1.3300,0.1600,-2.5800,321.4375,-2.7500,-68.2500,-1.0700,-0.0900,-1.3700,323.8125,-6.3125,-95.6875,1.1500,1.3300,-0.3400,321.8125,-5.4375,-104.8750,0.2300,-0.1000,-1.1300,321.8750,-5.1875,-103.6250,-0.4300,-1.3000,-1.1300,322.6875,-5.4375,-101.1875,-0.3300,-1.3000,-0.5500,322.8750,-5.5000,-100.3750,-0.4000,-1.0600,-0.2900
351.1250,3.8125,0.5000,-1.0700,-0.3900,0.4200,350.0000,3.3750,0.6875,-0.9000,0.6900,0.6100,350.3750,3.1875,0.0625,-0.8900,-0.8700,-0.1000,350.0625,4.0000,-8.6250,0.6400,0.4800,2.9100,352.6250,0.1250,-43.1875,-0.4100,1.6800,-0.3400,354.1250,-2.5625,-79.5625,-0.3600,-1.7000,-2.8400,351.1875,1.0000,-92.3750,-0.0100,-2.0400,-0.9200,350.6875,1.5625,-96.0625,-1.0400,-1.0300,-2.9000,352.6250,0.0625,-95.2500,-0.4300,-2.0500,-0.3800,354.3125,-1.1250,-93.8125,-0.6200,-1.2800,-0.7500
77.0625,3.8750,-3.0625,0.0000,-0.2000,1.3600,76.6250,3.3125,-3.6250,-0.2100,-0.6300,1.0900,77.0000,2.2500,-6.0625,-1.2200,-3.1600,-0.1300,78.6875,1.0000,-25.3125,-0.6300,-5.3600,1.4800,78.7500,-3.1250,-79.2500,-0.7700,-2.4900,-0.8200,72.7500,-0.6875,-110.8750,0.9700,1.5400,0.8000,69.4375,0.0625,-112.1875,0.2200,-0.8500,0.4500,69.4375,-1.0625,-108.0000,-0.1900,-0.7500,0.6200,67.9375,-1.6250,-104.0000,-0.7500,0.2200,0.3200,66.4375,-3.3125,-100.0625,0.0200,-1.6700,2.3400
62.5000,0.6250,-6.6250,-0.8700,0.0400,-0.2500,62.3750,1.5625,-2.6250,-0.8700,-2.7100,1.2000,61.7500,1.0625,-12.4375,-0.4100,-3.4600,1.2600,61.5000,-0.3125,-39.8125,-0.4500,-1.6300,0.7500,59.9375,-1.5000,-72.1875,-0.7500,-0.9400,-0.9600,53.9375,1.2500,-99.6875,-0.3800,-0.6300,-1.4800,46.0625,5.5000,-113.9375,-0.3600,0.6200,-1.3100,43.1875,6.6250,-116.1250,-0.8400,-0.9600,-2.1500,43.7500,6.3125,-114.1250,-0.9600,-0.4500,-1.2000,45.3750,5.4375,-112.6250,-0.9600,-0.2400,-0.8900
55.1875,-1.3750,-3.6250,-1.2000,-1.0500,-0.7600,54.9375,-0.2500,-2.8750,-1.1400,-1.3800,0.3700,56.3125,0.0000,-19.7500,-0.6000,-2.5800,-0.5400,57.7500,-2.8750,-60.0625,-0.3600,-2.5500,-0.1900,55.2500,-3.3750,-98.3750,-0.3100,1.5500,-1.2700,54.5625,-2.5000,-113.6875,-0.1200,-0.4400,0.2500,55.0625,-3.6250,-110.6875,-0.3900,-2.2100,0.0000,54.3750,-4.0000,-108.1875,-0.6000,-1.2400,0.0000,54.1250,-4.0625,-106.2500,-0.6200,-1.1300,0.0000,53.8750,-4.2500,-104.2500,-0.4900,-0.5600,0.4500
22.5000,1.7500,-3.5625,-0.7200,-0.6400,0.1000,22.6250,2.0000,-3.4375,-1.3100,-1.2400,-0.5000,22.1250,4.3125,-19.8750,0.1400,-1.0000,0.4300,24.0000,2.2500,-51.9375,-0.4200,0.6600,0.7800,24.8125,-2.0000,-80.1250,-0.6800,-0.2900,-1.4600,24.2500,-3.0625,-105.0625,-0.7200,-0.5000,-0.2000,19.8750,-1.3750,-114.0625,-0.5800,0.2100,-0.8100,19.1875,-1.3750,-113.3125,-0.5900,-1.1400,-1.2000,19.3750,-1.9375,-110.6250,-0.7200,-1.8700,-0.5000,20.0625,-2.6250,-108.5000,-0.7900,-1.9600,-0.3000
82.4375,-0.5000,-2.1875,-0.7900,-1.5900,0.0000,82.2500,-0.3750,-1.5000,-0.3800,-2.1200,0.4400,81.5000,0.0000,-3.1875,-0.3400,-2.2100,-0.3200,82.7500,0.8750,-21.1875,-0.9300,-2.9300,-2.9400,90.2500,-2.8750,-67.9375,-0.7800,-0.6100,-0.4000,96.0000,-4.8750,-93.5625,0.1200,-0.3800,0.8400,97.0000,-5.6250,-107.8125,0.5800,1.0300,1.4700,97.3125,-6.4375,-109.3125,0.2200,-0.8700,1.3000,97.7500,-7.1875,-108.2500,-0.0400,0.0200,0.0400,98.0000,-8.0000,-106.8125,-0.3700,-0.9000,-0.4300
0.5000,-0.3125,-0.1250,-0.3800,-0.3100,0.3900,356.8750,0.3125,-2.5625,0.0400,-2.0300,-0.7200,354.1250,-1.5000,-33.1250,0.2300,-1.1800,-2.3600,353.2500,-2.0625,-72.0625,-0.5300,0.2700,-1.3200,355.4375,-4.2500,-102.9375,-0.1100,-0.4700,-1.2300,354.0000,-4.0000,-113.5625,-0.4700,-2.0300,-0.2000,352.2500,-3.5000,-113.5000,-0.2300,-0.3500,-0.5400,353.5000,-4.8125,-111.9375,-0.1100,-2.0800,-0.1600,354.3125,-5.6250,-110.3750,-0.2500,-2.2800,-0.2900,353.9375,-5.8750,-108.8125,-0.2200,-1.4900,-0.0800
22.1875,-1.3125,-3.1875,-0.4100,-0.5400,0.2000,21.7500,-1.1875,-2.6875,-0.4900,-0.6500,-0.2100,21.5000,-0.3125,-8.1875,-0.2200,-4.1900,-0.1200,23.1250,-0.1250,-47.5625,0.0000,-2.2200,-1.4200,20.8750,-0.0625,-84.4375,-0.8400,-1.9700,-1.5400,19.6875,-0.3750,-106.0000,-0.6100,-0.0800,-1.9600,20.3750,-1.2500,-111.8750,-0.1300,-0.2100,-1.0100,21.4375,-2.1250,-112.3750,-0.0300,-0.9200,-0.7300,23.1250,-3.0625,-111.9375,-0.3600,-1.0100,-0.4600,24.5000,-3.6875,-111.6875,-0.3100,-0.4400,0.0900
80.3125,-2.0000,4.2500,-0.0600,-0.9400,0.2500,79.8750,-2.2500,3.9375,-0.4700,-1.0400,0.0800,79.8125,-2.0000,3.5000,-0.2900,-2.1100,1.0400,83.7500,-4.1250,-15.8750,0.3500,-4.1500,2.2600,90.3750,-14.4375,-69.5000,-1.3300,-5.2500,-6.1700,80.3125,-5.8125,-96.8750,-0.2800,5.1900,-4.7900,78.3125,-1.9375,-103.6250,0.2600,1.4400,-0.5400,78.8125,-1.7500,-104.4375,-0.2000,-0.1300,0.2200,78.6875,-1.7500,-103.1250,-0.1500,-1.3800,0.7000,78.2500,-1.9375,-102.5000,-0.1100,-0.8200,0.4500
102.0000,0.5000,0.0000,-0.2100,0.1300,0.1100,102.8125,0.5625,-2.3750,-0.4000,-0.6800,0.1300,107.3125,-0.1875,-18.4375,-1.1300,-2.8000,-1.6100,110.0625,-1.0000,-55.3750,-0.3200,-0.4400,-1.8500,114.1875,-3.8750,-93.7500,0.2300,0.8900,0.0100,118.1875,-6.0000,-111.5625,0.3500,-0.8100,0.2700,119.8125,-6.8750,-113.5625,-0.1600,-0.5300,-0.5300,118.7500,-6.4375,-112.1875,0.1200,-0.4300,-0.3500,117.8125,-6.3750,-110.2500,-0.4500,-1.5400,0.1500,116.5625,-6.3750,-110.0625,0.0000,-0.5700,-0.3400
174.0625,-3.8750,-0.5625,-0.2800,-0.8800,0.3300,172.1250,-2.3750,-0.5625,-0.3200,-2.0900,1.4400,173.2500,-1.6875,-28.3750,0.1800,-0.3400,-1.5500,174.9375,-0.6875,-55.2500,0.4400,-1.1200,-0.7400,182.1875,-4.9375,-85.6875,0.4000,-1.0900,-0.3800,189.1875,-7.9375,-104.1875,0.6700,-1.0900,-0.4800,189.0625,-7.5000,-105.4375,0.3300,-0.7300,0.0000,188.0625,-7.0625,-103.9375,-0.2100,-0.9400,-0.2300,188.1250,-7.1875,-103.1875,0.0000,-1.2200,-0.0900,188.0000,-7.2500,-102.6875,0.1100,-1.2000,0.0500
123.0625,1.6250,-2.3750,0.1900,-0.4200,-0.2600,123.1875,1.8125,-4.6875,0.0300,-1.1000,0.2200,123.3125,1.9375,-11.2500,0.5100,-2.2400,1.2200,124.7500,-1.0000,-46.5000,-0.1400,-2.1800,-2.5400,125.9375,-3.1250,-87.6250,0.0100,-1.8700,-2.4800,126.3125,-1.7500,-110.7500,1.0200,-0.1800,0.3400,126.8125,-1.8125,-112.3125,0.3500,-1.2700,0.3100,127.6250,-2.4375,-110.5000,0.0200,-1.6100,-0.0400,128.1250,-2.7500,-109.7500,0.0000,-0.9900,-0.1800,128.4375,-2.8750,-109.0000,0.0400,-0.6200,0.0000
222.5000,-1.5000,-2.5625,-0.5800,0.3300,-0.1000,222.8125,-1.6250,-4.1875,-0.4400,-1.1700,-0.3400,225.0625,-2.2500,-25.7500,-0.4100,-1.9300,-0.7800,232.0625,-6.2500,-61.4375,-1.0800,-0.0300,-1.4000,234.7500,-6.5000,-85.7500,0.3600,2.8700,-0.9300,234.7500,-5.1875,-95.3125,0.0600,-0.4300,-0.7800,234.8125,-4.6250,-96.0000,-0.1700,-1.1500,-0.8300,234.7500,-4.5000,-95.0625,-0.0300,-0.9600,0.0600,234.5000,-4.5625,-94.4375,0.1700,-1.0900,-0.7100,234.0625,-4.3125,-93.8125,0.0800,-1.1200,-0.1900
277.4375,-2.2500,1.5000,-0.4500,-0.9300,-0.6300,278.1875,-1.9375,0.6875,-0.5800,-1.3400,-0.1200,279.4375,-2.6875,-19.1875,0.1800,-1.9800,0.9200,283.0625,-5.8750,-58.2500,0.0500,-1.6200,-1.4300,286.3750,-5.8750,-89.3750,0.8800,1.0800,0.1600,285.4375,-5.5000,-98.8750,0.0900,0.6200,0.3300,284.6875,-4.8750,-99.0000,-0.2600,-0.8900,-0.9700,284.5000,-4.3750,-97.4375,-0.3400,-1.2000,-0.6800,284.2500,-3.9375,-96.6875,0.2800,-1.1400,0.1500,283.5625,-3.3750,-96.1250,-0.3000,-0.5800,-0.3400
141.7500,0.6875,-5.6875,-0.0800,-0.9400,0.0200,141.3750,0.8125,-10.6875,0.0200,-0.7600,0.4600,140.7500,0.3750,-30.1250,-0.1900,-0.9000,-0.3900,137.5000,-0.6875,-66.3125,-0.1400,-1.1200,-1.5200,132.0625,1.2500,-99.1875,0.9400,-0.1500,-0.5200,127.6250,4.0625,-110.1875,0.2000,-1.1800,-0.2600,127.4375,4.3125,-108.5625,0.1400,-1.4200,0.3800,127.9375,4.1250,-107.0625,0.1600,-0.3600,0.3000,128.1875,3.9375,-105.6875,0.0200,-0.5600,-0.0800,128.1250,4.1875,-104.9375,0.0500,-0.4500,-0.0600
177.9375,1.4375,1.3125,-0.0600,-0.5400,-0.0100,178.1875,1.4375,0.0000,-0.3200,-1.4400,-0.0500,179.5625,0.6250,-11.3750,-0.4600,-1.6300,-0.4000,181.1875,-0.8750,-35.8750,0.1000,-0.4100,-0.8600,181.1250,-1.3125,-58.0625,0.4000,-0.4000,0.1400,182.3750,-2.1875,-77.2500,0.2200,-1.7100,-1.0600,186.8125,-4.0625,-100.0625,0.2900,-0.5500,-0.5900,188.0625,-3.8125,-104.1875,0.4400,-0.3300,0.3700,187.6250,-3.6250,-102.4375,0.1200,-1.4400,-0.1700,187.1875,-3.5625,-102.0625,0.3300,-1.2000,0.3600
150.0625,-0.2500,3.2500,1.1000,1.0400,0.1100,150.3125,0.0625,2.1875,0.2600,1.2200,-0.7400,151.2500,0.8125,-1.5000,0.0300,-2.2100,0.5700,153.5000,-1.2500,-26.3750,-0.5600,0.2500,-1.6100,156.8125,-3.3750,-58.0625,0.5100,0.2600,-0.9200,155.1250,-2.3125,-82.5000,0.0200,0.9300,-2.4700,153.5625,-0.7500,-98.1250,0.2700,-0.8700,-0.8900,152.7500,0.4375,-100.0000,-0.2500,-1.4700,-1.3200,152.2500,1.2500,-97.8750,0.1600,-1.0500,-0.7400,152.0000,1.3125,-97.0625,0.1700,-1.1700,-0.3600
179.3750,4.4375,5.5000,-0.1300,-1.7000,0.5600,179.0000,4.2500,4.5625,-0.3200,-0.4900,0.5000,180.2500,4.5625,-8.1250,0.0600,-2.3000,0.9900,180.8125,3.2500,-46.2500,-0.2000,-0.4700,-0.3000,178.5000,3.6250,-78.9375,-0.0800,2.4200,-2.3500,180.3125,2.6250,-100.8750,-0.0500,-0.1100,-0.7700,183.3750,1.1250,-111.5625,-0.1900,-0.6700,-0.6700,183.3125,1.2500,-111.4375,-0.2100,-0.6500,-0.8000,182.9375,1.5000,-108.6250,-0.1700,-0.7200,-0.3800,182.4375,1.8125,-107.1875,-0.2100,-0.5800,-0.4500
109.4375,-3.7500,1.4375,1.3300,0.7400,-0.2000,108.7500,-4.2500,0.6250,0.5500,-0.4100,-0.8100,109.3125,-3.3125,-3.1875,0.4700,-1.8800,0.7000,110.8125,-2.8125,-14.3125,0.4600,-3.6600,0.3300,114.3750,-3.9375,-58.6250,0.3700,-0.9800,-0.4600,114.6250,-6.1250,-103.7500,0.0600,0.8400,-3.5300,114.1875,-5.6250,-114.8750,0.5800,-2.1000,-1.2000,113.5625,-5.5625,-113.8750,0.7600,-1.3600,-0.1700,112.1250,-5.0625,-111.3125,0.7200,-0.7300,0.1700,111.5625,-4.8750,-110.3125,0.6500,-0.4700,0.8100
45.8125,-6.2500,-3.8750,1.1200,1.6400,0.3100,45.7500,-5.5625,-4.4375,0.7400,-0.3500,0.7100,47.0625,-5.4375,-6.2500,0.2900,-2.7600,-0.2800,49.0000,-3.3750,-34.0625,-0.0100,-1.3100,-0.8000,52.5000,-4.1875,-69.5625,0.4400,-1.7800,-0.4300,54.1250,-6.1250,-95.8750,0.8400,-0.9400,1.0000,50.6250,-5.1250,-105.3125,0.5700,-0.4900,-0.9500,49.8750,-5.3125,-105.5625,0.5300,0.2800,0.7000,50.0625,-5.1875,-105.1250,0.3400,-0.4800,0.8700,49.9375,-4.8125,-104.3125,0.5200,-0.3400,0.8400
160.9375,-1.3750,1.2500,-0.1000,-1.2700,-0.7300,160.6250,-1.5000,0.6250,-0.3400,-0.1700,-1.2700,160.8750,-1.3750,-9.9375,0.1500,0.6200,-0.3100,162.6875,-2.1250,-38.5625,0.0100,-2.1200,-1.6000,163.8750,-2.3125,-71.2500,0.0500,-1.7500,-2.2400,165.7500,-1.1875,-101.6250,0.9200,1.6400,0.2500,167.0625,-0.3750,-108.0625,0.4500,-1.0000,0.3600,167.4375,-0.5000,-107.8125,0.3100,-1.3600,-0.2700,167.1250,-0.5000,-106.8125,0.1800,-0.9400,-0.4200,166.6250,-0.3125,-105.3125,0.1400,-1.2600,-0.4500
208.1875,3.8750,0.3750,-0.4300,-0.3800,-0.0600,207.9375,3.5625,0.4375,-0.3200,-0.1900,0.4000,207.9375,3.3750,-1.1250,-1.0200,-0.6100,-0.2200,209.6875,1.6250,-30.0625,0.4300,-0.7700,-0.2600,208.7500,-4.2500,-81.0000,-1.2300,-0.3800,-7.4200,208.7500,-1.0625,-103.0625,-0.0200,-0.6100,-0.3500,209.6875,-1.0000,-111.3125,-0.1700,-1.4500,-0.2200,209.5000,-0.8750,-110.2500,-0.3000,-0.2000,-0.2000,209.1875,-0.7500,-108.3125,-0.4200,-1.1800,-1.0200,208.8125,-0.6250,-107.1875,-0.3000,-1.2900,-0.5900
241.3125,3.0625,2.8750,-0.9800,-0.3400,0.6800,240.3750,3.0000,0.8125,-0.9500,-1.0000,0.5100,241.3125,2.5625,-17.4375,-0.6000,-1.8400,0.8600,244.6250,-0.1250,-49.3125,-0.4700,0.1400,-0.0500,248.0625,-3.3125,-80.3750,0.0200,0.2000,0.3300,248.8750,-3.6875,-95.7500,-0.3700,-0.3800,-0.3700,247.8750,-2.5625,-104.3125,-0.4100,-1.8000,-0.5400,244.9375,-0.7500,-107.8750,-0.4700,0.6300,-0.9400,244.6250,-0.8750,-107.0000,-0.6800,-0.1900,-0.7900,244.7500,-1.1250,-105.1250,-0.6000,-0.7300,-0.5400
106.7500,-3.2500,2.5000,0.4500,0.4500,-0.7400,106.1250,-1.5625,1.6875,0.2300,-0.6700,0.3700,108.3125,-1.3750,-13.1250,0.4800,-1.8800,1.4500,109.5000,-2.8125,-46.7500,1.0500,-0.6100,0.8100,105.8125,-2.9375,-78.5625,0.9200,0.1200,-0.9500,102.0000,-2.6875,-90.3750,0.5400,-1.1200,-1.6200,100.1250,-2.8750,-95.5625,0.3000,-1.4600,-1.2800,98.3750,-2.1250,-95.8125,0.4700,-0.7400,-0.9200,98.3125,-2.0625,-95.3125,0.4300,-1.1500,-0.8400,98.3750,-1.9375,-94.6250,0.3500,-1.1400,-0.8000
50.8125,-7.8750,-1.1250,0.3500,-1.7800,0.0500,51.9375,-6.3125,-1.9375,0.5900,-2.1200,1.8800,54.8125,-6.8125,-27.0000,0.7400,-5.2700,-1.1100,55.3125,-6.5625,-70.0625,0.6600,-0.0800,0.7500,53.7500,-7.3125,-98.5625,0.8400,0.2600,-0.7800,51.3750,-7.1250,-107.2500,0.6100,-1.3400,-1.0900,50.6250,-6.9375,-109.1250,0.4800,-2.2200,-0.3600,50.0000,-6.1250,-108.3125,0.6300,-0.8700,0.1600,49.7500,-5.6875,-107.6250,0.5400,-0.7100,-0.2900,50.1250,-5.6250,-107.0000,0.3000,-1.1700,-0.3000
163.0625,-1.5000,4.5000,-0.5400,-0.8500,-0.6900,164.0000,-1.6875,3.8750,-0.3200,-1.0500,-0.8300,164.6250,-1.5000,3.3750,-0.4200,-0.6600,-0.5100,165.3125,-0.6875,1.3750,-0.7000,-0.9100,0.0000,165.8125,0.4375,-16.5000,-0.3400,-0.6700,-0.1600,168.8125,-2.7500,-53.3750,-0.0800,1.0400,-1.5300,170.1250,-1.8750,-87.3750,0.6600,0.9300,-1.5800,170.1875,-1.3750,-107.3125,0.2100,0.7500,0.1300,170.1875,-1.8125,-107.8750,-0.1600,-1.3900,-0.7500,169.7500,-1.9375,-106.5000,-0.1500,-1.8400,-0.6900
198.0000,1.6250,-1.3750,-0.0500,-3.3400,1.3400,198.3125,1.4375,-1.0625,-0.2900,-0.7500,0.6300,197.9375,1.1250,-0.6250,-0.5200,0.0000,-0.0500,197.8125,1.1875,-0.9375,-0.3800,0.2100,0.2600,198.8125,1.1250,-9.1875,-0.5500,-0.3700,-0.4800,200.6875,-0.9375,-37.5000,-0.5500,-1.2400,-2.2400,199.1250,-2.6875,-74.8125,-0.1700,-2.0300,-3.7400,196.0625,-0.4375,-99.3125,-0.1400,-0.4600,0.1600,197.6250,-1.6875,-106.2500,-0.3400,-0.7700,-0.4000,197.1250,-1.7500,-105.4375,-0.4300,-1.0200,-1.3100
120.7500,-3.6875,1.6250,0.4800,0.1800,-0.1400,120.2500,-3.8125,1.2500,0.1400,-0.1600,0.0800,120.0000,-4.2500,1.6250,-0.0800,-0.6700,-0.0800,119.7500,-4.3750,-0.0625,-0.1100,-1.4300,-0.0500,119.4375,-4.0000,-15.0625,0.3500,-1.5300,0.2500,119.9375,-5.6250,-53.7500,0.5500,0.4400,-1.5800,120.3125,-8.0625,-91.2500,0.5200,-1.3300,-2.0700,120.1250,-8.9375,-108.1250,-0.0800,-1.6000,-1.8500,119.2500,-9.3750,-108.3750,0.1000,-2.6000,-1.3500,117.9375,-8.8750,-106.3750,0.4100,-1.6000,-0.8700
60.0625,-5.3125,-2.6875,0.6800,-0.6800,0.5900,61.0625,-5.0625,-3.1875,0.1900,-0.7400,0.6200,62.1250,-4.5625,-6.0625,0.1300,-2.2500,1.2100,65.4375,-6.0000,-34.2500,0.5600,-1.4600,-0.3700,66.2500,-8.8125,-64.6250,1.1500,-3.3500,0.3700,64.1875,-10.0625,-90.6250,0.4700,0.4700,-1.7100,62.1875,-9.9375,-102.0625,0.5100,-0.9000,-1.7900,60.5000,-9.1875,-102.6250,0.4400,-1.1400,-1.7400,59.9375,-8.5000,-102.4375,0.4300,-0.5900,-0.4500,59.8750,-8.1250,-102.0000,0.5000,-0.5100,0.1400
179.5625,1.8750,2.3750,-0.6100,-0.5000,-0.5900,179.5625,2.0625,2.0625,-0.8200,-0.2800,-0.3300,179.8125,2.6875,1.0000,-0.6600,-2.1200,1.3000,179.8125,2.1875,-15.6875,-0.5100,-1.7800,1.1600,182.0000,-1.5000,-52.3750,-0.6100,-0.1700,-1.2800,183.9375,-4.3750,-91.8125,-0.4100,-0.8900,-2.7400,183.8750,-1.5625,-107.1875,-0.0800,-0.1100,0.1400,182.3750,0.1875,-110.1250,-0.4900,-0.6100,-0.2700,181.5625,0.6250,-107.8750,-0.3700,-1.5400,-0.2300,180.3125,1.1875,-104.8125,-0.4400,-1.4800,-0.2300
222.1250,-1.6875,-2.3125,-0.4200,-0.8300,0.8700,221.9375,-0.6250,-2.8125,-0.3000,-0.8600,0.8900,221.1875,-0.6875,-8.4375,-0.5200,-2.3800,-0.0500,222.3125,-3.6875,-28.3750,-0.4200,-3.4100,-0.6700,223.6875,-9.5625,-62.1250,-0.4200,-5.4500,-2.7100,218.5625,-6.3125,-92.5000,0.7600,0.7700,0.9300,213.1250,-3.5000,-99.5000,0.0000,0.7300,0.2100,210.7500,-2.3125,-100.1875,-0.2200,-0.5500,0.5700,210.4375,-2.3125,-99.2500,-0.3300,-0.9100,0.4000,210.3125,-2.1875,-98.7500,-0.3900,-0.4500,0.3500
171.3125,0.6875,2.5625,-0.1900,-0.1400,0.5600,171.1250,0.9375,2.0000,-0.5400,-1.0400,0.4300,170.0000,1.1875,-0.3750,-0.2200,-1.6500,0.9500,169.5000,-0.1250,-14.9375,-0.3000,-1.3700,0.4800,170.3750,-3.3125,-44.0625,-0.1000,-1.9600,0.0100,167.3750,-4.0000,-72.9375,-0.3400,-3.1800,-1.8000,159.3750,0.7500,-96.3125,-0.0700,1.1300,-0.6500,157.3750,1.8750,-101.5000,-0.4500,-0.0500,0.7300,157.4375,1.0625,-100.5625,-0.6700,-0.4500,-0.3700,157.5625,0.3750,-99.6875,-0.5400,-0.8200,-0.2100
125.3125,-3.6875,6.3125,0.3900,1.6000,-1.1400,126.4375,-2.6250,6.1875,-0.0900,-0.1200,0.6200,127.7500,-2.1875,4.5000,-0.7700,-0.8300,-0.0600,130.0625,-1.4375,-9.8125,-0.6400,-0.8400,-0.1900,132.5625,-0.8125,-40.8125,-0.5900,0.4000,-1.0900,134.1875,-2.6875,-69.6875,-0.7400,-2.6100,-0.9400,129.2500,-0.6250,-98.5625,-0.4300,1.7200,-1.5800,120.3750,3.5625,-103.0625,-0.4000,-0.1500,-1.3700,118.6250,4.7500,-101.3750,-0.5600,-1.3700,-1.5500,118.9375,4.9375,-100.1250,-0.0800,-0.6100,0.0000
222.6250,-1.3125,-4.6875,-0.3800,0.0300,-0.2700,221.5625,-1.3125,-5.3750,-0.5100,-0.4300,-0.2800,222.0000,-1.4375,-13.3750,-0.0200,-2.5000,1.4600,221.6250,-3.2500,-31.1250,-0.8400,-3.1200,-0.7500,220.5000,-3.7500,-51.6250,-0.4300,-1.0500,-0.6000,222.3750,-5.5625,-78.4375,-0.3000,-1.7700,-0.7900,219.0000,-3.3750,-93.5625,0.0100,1.2800,-1.1300,218.1250,-3.1875,-98.9375,0.4200,0.8100,1.2800,216.8125,-3.0625,-99.0000,-0.3400,-0.4000,-0.2200,216.5000,-2.8750,-98.1250,-0.2300,-0.2400,-0.1300
147.0000,-2.7500,2.3125,0.2200,0.8900,0.2200,146.7500,-1.6250,2.0625,-0.0200,-0.1500,1.0300,147.6250,-0.7500,-5.4375,0.1000,-3.1400,0.7900,145.8125,-1.0000,-36.6250,-0.5700,1.2800,-0.9200,146.2500,-3.0000,-64.1250,-0.4800,-0.7100,-1.5100,147.4375,-5.1875,-92.5000,0.1400,-1.4700,-0.2000,140.6875,-2.3125,-106.3125,-0.0800,-1.0000,-2.1700,139.5000,-1.9375,-105.5000,-0.2000,-1.6400,-1.0700,139.9375,-2.1250,-104.4375,0.0300,-0.7700,0.2600,139.6250,-2.1875,-103.0000,-0.2800,-1.1600,-0.4600
230.5625,-0.1250,1.0000,0.0100,-1.3800,-0.5800,230.4375,-0.5000,0.8750,0.0700,-1.1200,0.1000,231.6875,-2.1250,-8.8125,-0.0500,-2.2800,-1.1600,235.3750,-5.9375,-47.0000,0.2000,-3.2200,-1.1400,236.0000,-4.1250,-88.1250,0.3300,1.4700,-3.8100,236.1875,-3.1250,-97.9375,0.0600,-0.7700,-0.5200,236.5000,-3.6875,-96.6875,0.3400,-1.7600,-0.4300,236.0625,-3.1875,-94.6875,0.3200,-1.5800,-0.5500,235.5625,-3.0625,-94.4375,0.2600,-0.7800,-0.6100,235.3125,-3.3125,-94.3750,0.1300,-1.0400,-0.4300
179.6875,-2.2500,-2.8125,0.4200,1.1000,-0.9600,179.5625,-1.5000,-3.5000,0.1100,-0.3600,-0.1500,180.4375,-1.1250,-3.6875,0.0300,-0.8100,0.2400,181.1250,-1.0625,-3.3750,-0.0700,-1.0500,0.1600,185.3125,-3.4375,-29.5625,0.5200,-1.5400,3.1500,184.9375,-7.6875,-94.8750,-1.5800,3.6100,-16.5500,180.6875,-1.5625,-104.0625,0.3300,-1.7000,-0.0600,180.9375,-1.0000,-103.2500,0.0400,-1.8700,0.4400,180.5000,-0.2500,-102.5625,0.2600,-0.7600,-0.1500,180.5625,-0.1875,-102.0625,0.1100,-0.9700,0.5600
184.2500,0.8750,-1.6250,-0.2100,-2.2800,-0.4800,184.3125,0.6250,-1.8125,-0.1000,-1.2400,-0.1700,184.3125,0.5000,-1.5000,0.0200,-0.5600,-0.2400,184.6250,0.7500,-2.3125,-0.2200,-1.1000,-0.1900,188.8125,1.8750,-31.0625,0.4000,-1.6000,0.9100,194.1250,-0.5625,-95.9375,2.1100,2.3300,3.6000,193.7500,-0.4375,-99.8750,0.0100,-2.4100,-1.3900,193.1250,-0.3125,-99.0000,-0.0400,-1.0800,-1.5200,192.5625,0.1250,-97.8125,0.2900,-0.9400,-0.3800,192.3750,0.1250,-97.2500,0.0300,-0.4700,-0.7700
128.9375,-1.4375,0.0000,1.2000,1.6600,-0.3700,128.7500,-1.0625,-1.1250,0.3900,0.3000,0.1400,129.0000,-0.3750,-2.0625,0.1100,-0.2400,0.3600,128.3125,0.0000,-1.8125,-0.1200,-1.5500,0.7000,128.9375,1.3750,-23.1875,0.3500,-7.9100,-0.0100,130.9375,-1.6250,-99.6250,2.2900,-0.9200,0.7200,120.4375,2.6250,-105.6250,-0.1300,0.9100,-1.3000,120.3125,3.1875,-100.5625,0.1100,-0.2000,0.8600,120.4375,3.5000,-97.9375,-0.0100,-0.4800,0.8700,120.2500,3.7500,-96.8125,-0.1000,0.2100,0.6700
227.1875,-1.5000,-3.0000,0.1800,-0.1800,0.3000,227.2500,-1.3750,-1.6875,0.0300,-0.5900,0.1200,226.5625,-1.3750,-0.7500,0.3300,-0.2900,0.7200,226.1250,-1.3750,-1.5000,-0.0300,0.0700,0.5200,230.1250,-2.3750,-17.8750,0.0900,-5.5800,2.1500,237.6250,-5.4375,-87.7500,2.0000,5.9800,2.2000,235.7500,-1.7500,-97.5000,0.3300,-2.1600,-1.3900,235.5625,-0.2500,-97.4375,0.1000,-1.2400,0.0200,236.8750,-0.6250,-95.2500,0.2600,-0.5300,-0.0500,236.7500,-0.9375,-94.6250,0.1500,-0.2700,0.1200
251.5625,-1.5625,3.1875,-0.2900,-1.6300,0.2200,251.8750,-1.7500,2.4375,-0.2400,-2.0300,-0.2000,251.4375,-1.6875,1.5000,-0.1600,-1.0500,0.0500,251.5625,-1.1875,-5.7500,-0.1000,-0.4400,0.5600,255.6875,-2.6875,-33.5000,-0.3300,-2.4800,0.9000,265.5000,-6.6250,-85.5000,2.4200,1.8800,3.5200,262.0000,-4.0000,-92.9375,0.0600,-0.1500,-0.4300,259.8125,-2.0000,-92.3750,0.3600,-1.2400,-0.6100,258.3750,-0.7500,-91.0625,0.3200,-1.3100,-0.8300,257.7500,-0.4375,-90.7500,0.4400,-0.6800,0.4800
267.6250,-0.4375,2.6250,-0.0900,0.1000,-0.3600,268.8750,0.0000,3.4375,-0.3400,-1.4600,0.7500,273.6875,-5.0625,-39.1875,-0.1900,-1.7100,-3.2700,266.1250,3.1250,-79.7500,1.5900,8.1800,2.3900,260.3750,7.2500,-95.5000,0.1600,1.3300,-4.6100,264.5000,4.3125,-99.5000,-0.1700,-2.8600,-3.5500,269.6250,0.6875,-98.1250,0.3100,-2.5100,-0.6900,270.2500,0.0625,-96.0625,0.1500,-1.4900,-0.4000,270.1875,0.1250,-94.3125,0.1400,-1.0700,-0.8600,271.1875,0.1875,-93.6875,0.0200,-0.7000,-0.6100
288.1875,4.4375,3.4375,0.0700,0.2100,0.2600,290.0000,4.6250,3.6250,-0.1200,-1.1700,3.5400,296.8125,-0.7500,-36.6250,-1.0100,-0.8400,-0.2400,298.5000,-3.3125,-79.6875,0.7400,0.3200,-1.7900,297.2500,-1.0625,-95.4375,0.6200,-3.8100,-0.7600,295.6875,-0.1250,-96.1875,0.0900,-2.7400,-1.3800,294.5625,0.3750,-94.8125,-0.2300,-1.9500,-1.9500,294.4375,0.5000,-93.6250,0.1900,-0.6900,-0.7300,294.4375,0.2500,-92.9375,0.0000,-0.5000,-1.0900,295.6250,-0.1250,-92.3750,-0.0100,-1.0600,-0.9200
295.5625,3.7500,5.8125,-0.6500,-0.5500,-0.3500,301.5000,0.1250,-16.6875,-0.8800,-5.3500,-1.7300,303.0625,-4.4375,-64.5625,-0.1400,1.0600,-3.9400,298.6250,-2.3125,-88.4375,0.1500,2.4800,-3.9000,296.5625,-1.4375,-92.0625,0.3400,0.5500,-1.5200,295.6875,-0.8750,-91.8750,0.1200,0.1100,-0.1100,295.4375,-0.6250,-91.7500,-0.0800,-0.7000,-0.6900,295.6250,-0.6250,-91.3750,-0.0800,-1.2600,-0.0800,295.8125,-0.6875,-90.8750,0.2000,-0.8500,0.2700,296.0000,-0.7500,-90.4375,0.0500,-0.6800,-0.5300
133.5625,-2.3125,-9.0625,0.3000,-1.4100,0.0900,130.8750,-1.9375,-8.1875,-0.0100,-1.6200,0.2000,127.8750,-1.0000,-10.7500,-0.3200,-3.6600,0.8200,129.4375,-2.3750,-55.6250,0.5400,-1.2300,0.0600,124.0000,-1.1875,-100.8125,0.2200,0.5500,-1.6900,120.6250,0.8750,-103.6875,-0.0800,-1.7100,-0.3400,120.3125,1.0625,-101.2500,-0.1200,-1.2700,0.3200,120.3125,1.3125,-100.1875,-0.3400,-0.3300,0.5200,119.6250,1.7500,-99.5000,-0.2000,-0.5300,0.4900,119.1250,1.8125,-98.5625,-0.2000,-1.2300,0.0900
83.8125,0.7500,-4.3750,-0.2800,-1.2400,0.0800,83.6250,1.0625,-4.1875,-0.4200,-0.5400,0.1400,84.1875,1.0625,-6.6250,-1.1100,-3.6100,-0.2200,85.0000,-1.5625,-50.8125,0.8600,-4.4200,1.1000,71.6875,1.8750,-92.3125,-0.1400,0.1200,-3.6900,66.9375,5.1250,-95.5625,0.0700,-2.3500,0.0000,67.8125,5.6250,-94.0625,-0.3600,-0.3400,0.1500,69.0000,5.1875,-92.9375,-0.5700,-1.5500,0.1800,68.9375,5.3125,-92.3125,-0.2500,-0.4400,-0.1200,68.5625,5.5625,-92.3125,-0.2800,-0.7800,-0.0900
131.6875,0.3125,-7.7500,-0.1700,-1.4200,0.7500,131.0000,0.1250,-8.5625,-0.3900,-1.6100,0.0100,129.4375,0.3125,-26.5000,0.4000,-2.9400,0.2800,127.5625,-0.3125,-59.0000,-0.1500,-0.7800,-0.8300,125.9375,-0.9375,-86.9375,0.0800,-1.0500,-0.2700,123.8125,0.0000,-106.1250,0.0100,1.1600,-0.2300,121.7500,1.5625,-107.8125,0.2000,0.1800,-0.2800,120.0625,2.6250,-106.4375,0.0200,-0.3300,-0.0900,119.2500,3.3125,-105.3750,0.0000,-0.4000,0.4400,119.0000,3.5625,-104.0625,0.1600,-0.4900,0.7000
173.1875,0.6875,-4.6250,0.1600,-0.9900,0.6600,173.0000,0.6875,-4.6250,0.3800,0.1400,0.8900,173.0625,0.5625,-4.6250,0.3800,-0.1200,0.5000,173.1250,0.6250,-4.6250,0.2100,-0.6900,0.5600,173.0625,1.0000,-7.0625,-0.2400,-2.5900,0.4300,174.4375,-0.1250,-48.9375,0.0000,-2.3200,-3.1700,174.1875,-0.6250,-102.1875,0.6200,4.3000,-0.7300,173.6875,1.4375,-106.5000,0.8400,0.3800,-0.1200,172.5625,1.9375,-106.9375,0.5400,-1.3500,0.2200,172.7500,1.8750,-105.6875,0.3800,-1.6500,0.1600
203.4375,2.6875,1.5625,0.0300,-0.7300,-0.2700,203.1875,2.4375,1.0625,0.4100,-0.4700,0.6500,202.9375,2.5000,0.2500,0.1100,0.3500,0.4200,202.7500,2.6250,0.5000,0.0600,0.2300,0.2200,206.4375,1.3750,-13.5000,-0.6900,-3.3100,-0.5000,209.2500,-2.1250,-65.5000,1.1100,-1.9200,-4.8600,203.7500,2.4375,-100.6250,0.8400,3.2100,-0.1900,206.1875,0.1250,-106.5000,0.1800,-1.2100,-1.2800,206.8750,-1.0000,-105.3125,-0.2000,-0.8700,-2.1200,207.0625,-1.1875,-104.6250,-0.0400,-0.1900,-1.3800
164.3750,-0.1875,-6.6875,0.4400,0.1700,-0.3900,164.1875,0.0625,-7.0625,0.7300,-0.6900,0.5100,163.5625,0.2500,-6.6250,0.2200,-0.8600,0.2600,163.3125,0.3125,-6.8750,0.0500,-0.8100,0.0400,163.8125,0.3125,-15.8125,-0.3400,-3.5900,-0.5200,169.0000,-2.1875,-70.1250,0.4500,-2.2400,0.3700,170.9375,-3.0625,-108.8125,0.6000,0.5800,-2.6400,170.1250,-1.9375,-112.3125,0.0800,-2.0100,-1.5900,168.9375,-1.2500,-110.9375,0.1800,-1.1100,-1.5700,167.8125,-0.7500,-108.9375,0.4500,-0.7700,-0.7600
114.2500,-1.4375,-1.0000,0.0500,-1.4000,-0.0800,114.4375,-1.3750,-4.0000,-0.0200,-2.7400,-0.2000,115.2500,-0.7500,-32.5000,0.3000,-0.1000,-2.2100,116.8125,-0.4375,-63.5000,0.1100,-1.5200,-2.4500,116.6250,0.6875,-89.5625,0.5300,0.3100,-0.8800,115.6250,1.4375,-98.3750,0.5500,-0.5900,-0.0800,115.5625,1.3125,-101.6250,0.6800,-1.1000,0.9700,114.1875,2.1875,-101.8125,0.5900,-0.6100,0.3100,113.3750,2.4375,-98.5625,0.6800,-1.2100,0.9300,113.0000,2.5000,-95.8750,0.3800,-1.1100,0.3100
83.8750,-0.5000,-8.3750,0.0200,-0.9000,-0.0400,84.5000,0.1250,-9.3125,-0.0800,-1.8500,0.7200,86.7500,-1.9375,-30.9375,0.2400,-3.0800,-0.0800,86.8750,-3.3125,-73.6875,0.3200,-1.9800,-0.7200,80.3750,0.3125,-98.0000,0.3600,-0.0800,-0.5200,75.5000,3.3125,-102.8125,0.3100,0.3600,-0.7800,74.8750,3.8125,-102.5625,0.4700,-0.4600,0.3900,74.9375,3.7500,-101.5000,0.2400,-0.9600,0.0200,75.3750,3.6875,-100.5000,0.2700,-0.8300,0.2200,76.2500,3.6250,-100.1875,0.4300,-0.3900,0.7200
187.1250,0.5625,1.0000,0.1500,0.1000,0.3800,188.0000,0.3125,-2.0625,-0.5000,-3.2300,1.0500,192.6250,-1.3750,-42.9375,-0.0800,-3.2000,-2.1500,189.8125,3.8750,-95.1250,1.2100,8.7500,1.0700,192.1875,2.4375,-105.1875,0.2600,-1.5700,-1.2800,192.2500,2.2500,-105.1875,0.2800,-1.1300,-0.8600,193.1250,1.1250,-102.5625,-0.0100,-2.0600,-0.8800,193.0000,0.6250,-101.8125,0.2100,-0.6900,-0.7000,193.0625,0.2500,-102.2500,0.0500,-0.6800,-0.2900,192.3750,-0.5000,-102.1250,-0.0400,-1.6900,-0.3300
202.0000,1.0625,0.3125,-0.4100,-1.6400,-0.3200,202.1875,0.8125,0.1875,-0.2800,-0.1500,0.5900,202.7500,0.5625,-4.2500,-0.4600,-1.4200,0.5200,206.1875,-1.5000,-26.8125,-0.6900,-0.5200,-0.9200,211.1875,-4.9375,-63.5000,-0.1800,1.1600,-1.7300,214.8750,-3.0000,-98.4375,0.6700,2.4100,-0.6600,215.5000,-1.5625,-105.8750,-0.0400,-1.1700,-1.4700,216.6875,-2.0000,-105.5625,-0.1300,-1.8700,-0.7100,218.3125,-1.5625,-104.0625,-0.3000,-1.5000,-1.0700,219.6250,-1.0625,-102.8750,0.0000,-0.5800,-0.4600
244.3125,-1.0625,0.0625,-0.5100,-1.1100,-0.1200,244.3750,-0.7500,-1.4375,-0.6800,-0.4000,-0.3700,245.3125,-0.0625,-11.2500,-0.5300,0.3100,0.7600,248.3125,-1.7500,-37.1250,-0.1300,0.3600,0.6200,251.5000,-3.5000,-68.8750,-0.3400,0.2500,-2.1000,252.3125,-2.6875,-90.1875,0.0600,-3.0100,-1.6400,251.3750,-0.6250,-99.0625,0.3700,-1.8200,0.1800,251.6875,-0.8125,-99.8125,-0.1800,-1.7800,-0.9900,251.2500,-0.5625,-98.5000,-0.1100,-0.9200,-0.1400,250.6875,-0.4375,-97.6875,-0.4800,-0.6100,-1.7100
271.6875,1.3125,2.0625,-0.8200,-0.5100,0.0600,271.3750,1.8125,0.7500,-1.1400,-0.2300,0.3800,271.9375,2.0000,-12.3125,-0.6500,0.8700,-1.0300,271.6875,1.1875,-44.0625,-0.7700,1.5400,-1.1900,274.3125,0.0000,-73.1250,-0.7000,0.7800,-1.1500,274.8750,-0.1875,-89.8125,-0.1700,-0.4100,-0.2900,274.0625,0.0000,-99.6875,-0.5200,-1.0100,-0.2400,273.1875,0.6875,-100.9375,-0.1900,-1.2300,-0.4900,273.1250,0.6875,-99.1875,-0.6300,-1.1400,-1.3400,272.5625,0.7500,-96.8125,-0.6700,-1.1800,-1.3700
158.8125,-4.0000,-0.7500,0.2600,-0.3400,-0.6100,158.8125,-3.3125,-0.8125,0.0900,-1.4300,0.3100,158.6250,-2.6250,-7.9375,0.7600,-2.2200,1.8900,158.5625,-3.9375,-36.0000,0.5800,-1.5200,-0.8400,157.0000,-4.3750,-67.8750,0.3000,-0.0100,-2.3900,153.8125,-2.1875,-85.6250,0.3200,0.7200,-1.7600,151.0625,-1.4375,-91.6875,0.2500,-0.9900,-0.7600,149.6875,-1.1250,-93.1250,0.3300,-0.6300,-0.5400,148.5000,-0.7500,-92.5625,0.4400,-0.5500,-0.2000,148.0000,-0.6250,-92.3750,0.4000,-0.6700,-0.4200
101.5000,0.6250,-6.6250,0.3500,-1.2800,0.3700,101.1250,1.0625,-6.3750,0.0600,-1.4500,0.4500,101.0625,1.7500,-15.4375,0.1500,-1.9700,-0.0500,100.6250,2.2500,-40.8750,0.2800,-1.8400,-1.0300,98.0625,2.3750,-79.5625,0.6400,0.3000,-0.0700,91.8750,3.1875,-99.1875,0.0000,0.0000,-3.0000,88.4375,3.9375,-101.6250,0.0800,-0.0600,-1.5600,88.5000,4.0000,-100.7500,0.4000,-0.4200,0.4400,88.6250,3.9375,-99.3125,0.2800,-0.6600,0.2800,88.6250,4.0000,-99.2500,0.4100,-0.4200,0.5100
61.0000,0.0000,-11.1250,-0.2400,-0.3800,0.1000,63.2500,-0.5625,-17.3750,0.0700,-4.7000,-0.1000,67.1875,-1.1250,-43.1250,0.6600,-5.7500,2.1900,68.4375,-3.8750,-76.0625,0.4700,-0.4200,1.3400,63.6250,-2.1875,-97.5000,0.0700,0.0500,0.0300,57.9375,0.8750,-106.9375,0.2700,-0.4900,-1.5400,54.6875,3.6250,-108.4375,0.1700,-0.0900,-0.7100,54.8125,4.7500,-107.1875,-0.0600,-0.4500,0.0400,55.1250,5.0000,-106.9375,0.0000,-0.5800,0.1700,56.6250,4.9375,-106.4375,0.1300,-0.9600,0.1800
179.1875,-2.8750,0.3750,0.0500,-0.1700,-0.5500,179.3125,-2.6875,0.1875,-0.0300,-0.7000,0.0300,181.6250,-2.2500,-16.0000,0.1900,-3.1100,-0.1900,187.3125,-8.2500,-61.2500,0.0300,-2.5200,-1.8200,190.0000,-8.3125,-93.2500,0.6400,1.1000,-1.1200,190.5000,-6.0625,-104.0625,0.8000,-0.9600,-0.0300,188.9375,-4.6875,-103.8750,0.6500,-1.1500,-0.2600,187.6250,-4.0000,-103.4375,0.4200,-0.9100,-0.2000,185.3125,-3.2500,-102.6875,0.3900,-1.1600,-0.0100,183.9375,-3.1250,-103.0625,0.1400,-0.8300,-0.5200
205.3750,0.1875,3.3125,-0.1400,-1.4700,-0.5900,204.7500,-0.1250,3.5000,-0.1300,-0.7300,0.1300,205.0625,0.3125,0.5000,-0.1400,-0.6100,0.4600,206.0000,1.3125,-18.1875,0.4300,0.7800,0.4700,208.8750,-0.8750,-54.5625,0.4200,-1.0500,-1.3600,211.6875,-3.2500,-95.3750,0.3400,-1.5000,-1.9200,214.5000,-3.8750,-106.8750,0.2000,-2.0000,-0.6800,215.0625,-3.7500,-105.7500,0.2200,-1.1400,-0.4000,215.2500,-3.8750,-103.5625,0.2700,-1.2400,-0.1700,215.1875,-4.0625,-103.0625,0.1700,-0.9700,-0.3500
132.3125,-1.1250,-5.8125,1.3800,0.6200,0.7600,130.9375,-1.0000,-6.0000,1.1600,-0.5700,0.8800,129.6875,-1.8750,-5.6875,0.2500,-0.9200,-0.3900,129.8125,-1.8750,-7.9375,0.4000,-2.1200,-0.0500,131.6875,-1.0625,-26.4375,0.5300,-2.3300,0.4800,132.6250,-1.3750,-55.7500,0.3700,0.0600,0.1000,133.3750,-3.7500,-82.5625,0.4000,-0.3700,-0.6800,131.8125,-3.6250,-94.6875,0.5500,-1.5600,0.4600,129.6250,-2.3750,-97.0000,0.3900,-0.7000,-0.3500,129.0625,-2.1875,-97.6875,0.6400,-0.6600,0.3700
97.3750,-3.4375,-3.0000,0.1900,-0.7600,0.1400,97.4375,-3.0625,-2.6250,0.0900,-2.0800,0.2600,98.2500,-4.2500,-17.0625,0.9400,-4.9300,0.8600,95.3125,-6.9375,-52.5000,0.9200,-1.5700,-0.9600,91.0625,-6.8750,-86.9375,0.1400,0.4300,-3.2700,88.1250,-5.4375,-99.6875,0.0800,0.1900,-3.2000,87.9375,-5.3125,-100.6875,0.0900,-1.0000,-0.7800,88.0625,-5.2500,-100.9375,0.3900,-1.3200,-0.1400,87.7500,-4.8750,-101.3750,0.2400,-0.5300,-0.4800,88.0000,-4.9375,-100.6250,0.3400,-0.4600,-0.1700
158.7500,-0.3750,1.6875,-0.4500,0.2000,0.1400,158.7500,-0.1875,1.8750,-0.7400,-0.8000,0.0900,160.1875,0.9375,-6.0000,-0.1300,-2.8700,0.9800,163.5000,-1.8750,-45.9375,-0.1300,-1.0700,-1.7000,164.8750,-2.9375,-87.9375,0.0100,0.9600,-1.9000,166.1875,-2.0625,-103.8125,0.1000,-0.0500,0.2900,165.4375,-1.8750,-105.7500,-0.3400,-2.3100,-0.4800,164.8750,-1.9375,-103.0625,-0.1600,-1.5700,-0.2500,164.5000,-2.1875,-101.3750,-0.2700,-0.9400,-1.0400,164.3750,-2.5000,-100.6250,-0.4500,-1.1000,-1.5900
166.8750,2.3125,-2.6250,-0.3900,-0.9400,-0.2000,167.9375,2.6875,-1.8750,-0.2700,-1.1700,0.3000,169.9375,3.0000,-6.2500,-0.5300,-2.7800,-0.4100,172.5625,-1.5000,-51.0625,0.1200,-1.5000,-0.4900,171.0000,-3.2500,-87.8125,-0.2700,1.8000,-2.5800,171.8125,-2.3750,-102.5000,0.3900,-2.1200,1.1500,171.0625,-1.4375,-104.9375,0.1400,-1.6400,1.2600,171.1875,-1.9375,-103.5000,-0.1700,-1.9600,0.4100,171.5000,-1.8125,-102.5000,-0.0800,-0.9000,0.2700,171.7500,-1.9375,-102.1875,0.0100,-0.6700,0.2400