126.7500,-5.2500,5.8750,0.2700,-0.1300,0.0900,126.7500,-5.3125,5.0000,0.3600,-0.3300,0.1500,127.0000,-6.0625,4.1875,2.7800,13.3200,3.8500,145.4375,-9.8125,8.9375,7.6000,6.7400,0.1300,173.1250,-9.3750,12.6250,6.9500,-5.0300,0.6200,190.6250,-7.1875,11.3750,3.8800,-11.2900,-0.0700,193.3750,-7.3125,8.1250,-0.2700,-2.2800,-0.8500,191.1875,-7.6875,7.0000,-0.8700,0.8100,-0.4800,190.0625,-7.3750,7.3125,-0.3400,0.6900,0.5600,188.8750,-7.3750,7.4375,-0.1100,0.2400,0.2400
164.0000,-8.8125,0.8750,0.3400,1.9400,1.1600,164.3750,-8.8125,0.8125,-0.0700,0.9900,0.1400,164.6250,-8.3125,0.3750,0.6400,4.9400,1.1800,173.4375,-8.8750,0.7500,3.1200,18.5300,0.1000,206.1875,-6.9375,10.6250,10.0000,-2.8000,0.5700,231.3750,-4.9375,9.8125,4.9800,-7.2600,1.7800,239.1250,-3.9375,8.9375,0.8400,-5.1900,0.2000,238.7500,-3.8750,9.0625,-0.8600,-1.4100,-0.3500,237.3125,-3.8125,9.3125,-0.7800,-0.1400,0.0000,236.1250,-3.6875,9.1875,-0.9400,0.2200,0.1300
120.1250,-7.5000,-2.8125,0.7300,0.0900,-0.0200,119.7500,-6.6250,-2.8750,0.5800,0.3100,0.8900,120.1250,-6.6250,-2.2500,1.2500,3.6800,1.0300,126.5000,-8.0000,-1.4375,3.1200,11.5600,0.6900,152.5625,-11.3125,3.0000,8.3800,10.9000,0.5700,192.1875,-10.6875,12.7500,9.4500,-9.2800,-2.5100,209.9375,-7.1250,11.6875,4.2600,-11.2100,0.6600,204.3750,-7.5625,8.3750,-1.0300,0.6600,0.4500,201.8125,-8.1875,7.6875,-0.9700,1.6200,0.0900,201.6250,-8.5000,8.3750,-0.5000,0.4200,0.3000
237.0625,-6.2500,5.7500,-0.8300,-0.5100,-0.4800,236.1875,-6.3750,5.1250,-0.5800,0.8400,0.2500,236.5000,-5.8750,4.5625,-0.2400,7.2800,1.9000,248.0000,-6.0625,7.5625,1.0300,6.9600,0.2700,270.0625,-5.1250,11.1250,3.2300,0.3900,0.4900,288.5625,-5.1875,13.0625,22.1700,-6.5000,5.8700,296.8750,-10.5625,9.8750,-2.0200,-2.2100,-3.7800,294.0000,-10.1250,10.7500,-1.3400,-1.9400,-1.5900,291.6250,-8.8125,11.0000,-1.5100,0.2300,-0.6700,290.8125,-7.1875,10.9375,-0.6600,-0.5700,0.5700
196.6875,-6.9375,4.3750,-0.1500,0.8600,0.3300,196.0000,-6.1250,3.5000,-0.3500,-0.2200,-0.1100,193.6875,-4.8125,1.6250,-0.3600,5.3300,0.8400,202.6250,-7.8125,2.5000,2.0400,6.4800,-1.2500,228.6875,-8.1875,12.7500,6.2700,-1.6400,-1.4000,256.8125,-3.8750,21.8750,3.3600,-5.8100,-0.8600,267.5625,-2.7500,22.1250,1.3900,-5.0000,-1.3300,268.8125,-2.7500,20.4375,0.0400,-2.7600,-0.3300,266.8125,-3.6875,17.9375,-0.5600,-0.5800,0.2200,263.1875,-4.6875,16.6875,-0.2600,-1.7400,-0.3100
140.8125,-6.3125,-5.4375,0.6900,-0.1500,0.0300,139.6250,-5.3750,-5.8750,0.6000,-0.4200,0.3100,138.3125,-5.0000,-6.3750,0.4000,3.7200,0.1500,143.6250,-6.4375,-5.3750,2.0100,6.3800,0.1500,164.8750,-8.8125,-0.6875,4.2800,7.8700,-0.5000,191.8750,-8.1875,7.0000,6.4600,0.9900,-0.0400,213.8125,-5.6875,12.1250,3.9300,-11.9600,-1.3800,217.1875,-5.0625,9.9375,0.2000,-3.3400,-0.1700,215.8750,-6.1250,8.4375,-0.3300,-0.1700,-0.3000,214.1875,-6.1250,8.2500,-0.2000,0.1400,0.3800
76.7500,-2.0625,-4.8750,0.3800,-0.4600,0.8400,75.7500,-1.5000,-4.0625,0.3100,-0.3000,0.0200,77.1875,-1.2500,-4.1875,1.0600,5.7700,0.4000,91.0625,-3.3125,-3.8125,2.2000,5.8300,0.1800,118.1250,-6.8125,-0.6250,4.4100,0.6500,-0.8000,136.6875,-7.5625,2.7500,4.9000,-10.6800,1.1700,136.1250,-7.6875,1.1250,0.2300,-1.7900,-1.0300,133.0000,-6.7500,-0.6250,0.1300,-0.1300,0.9400,129.2500,-6.3125,-1.3750,0.2800,-0.2300,-0.1600,126.1250,-5.9375,-1.6250,0.2500,-0.7300,-0.3500
7.9375,-0.1875,-5.8750,-0.7600,-0.2600,-0.3100,8.2500,-0.6250,-5.9375,-0.9600,0.8800,-0.1300,13.1875,-1.2500,-5.5625,0.0200,5.6600,-0.9400,30.3750,-2.3750,-6.3125,1.9200,4.5400,0.2400,58.1250,-3.5625,-5.9375,4.1700,-2.0500,-0.2800,76.6875,-3.5000,-4.0000,4.3700,-9.1000,0.7400,79.7500,-3.8750,-3.2500,-0.0500,-2.8500,-0.3500,78.4375,-4.0000,-3.8750,-0.3500,-0.6000,0.1300,77.2500,-3.9375,-3.5000,-0.1600,-0.9400,-0.0600,76.1875,-3.7500,-2.7500,0.0900,-0.7200,0.0600
328.3750,0.6250,-5.0000,-0.6500,-0.1400,0.5200,327.3125,0.6250,-4.7500,0.2300,3.5500,-0.1500,337.3125,-0.6875,-5.5000,1.4500,9.2700,-1.7400,0.7500,-1.0625,-4.3125,3.2000,2.7200,-0.5300,26.3125,0.4375,-3.9375,4.6400,-2.0600,-0.1500,48.3125,3.3750,-4.3125,3.5800,-9.9000,1.3200,52.8750,4.0625,-4.6875,-0.1900,-2.6400,0.5100,52.3125,2.9375,-2.4375,-0.7900,-1.3800,-0.4500,51.7500,2.2500,-0.7500,-0.2900,-0.9400,-0.3400,52.1875,2.0625,-0.6875,-0.2100,-0.8400,-0.0400
304.5000,-2.0625,-4.1875,-0.1600,-1.0300,1.0200,305.0625,-1.1875,-4.3750,-0.2500,-0.4400,-0.2300,305.1250,-0.5625,-5.0000,-0.1000,0.3700,0.6800,305.2500,-0.8750,-5.2500,0.1900,0.7000,0.0700,308.4375,-1.1875,-6.9375,0.9900,4.7900,0.0000,320.1250,-2.3750,-6.2500,2.1400,5.8600,-1.0200,346.0000,-2.6250,-2.8125,5.7200,3.4000,-1.3700,23.0625,1.2500,-1.3125,10.7000,-18.3700,6.3900,29.9375,0.0625,0.5000,-1.3100,-2.9400,0.5400,27.8750,0.3125,0.7500,-0.9600,-0.8400,0.3600
314.7500,-1.1875,-5.8125,-0.4800,-0.0900,0.4300,314.3750,-1.5000,-5.9375,-0.4700,0.1100,0.0600,314.3125,-1.8750,-6.0625,-0.2200,0.8000,0.5600,316.5625,-2.8125,-6.1250,-0.1300,0.5000,-0.1700,319.3750,-3.3125,-5.3750,-0.5300,0.7100,0.0000,324.6875,-3.5625,-5.7500,1.2500,9.9500,-1.4400,350.4375,-4.1250,-3.1250,4.8600,7.3400,-1.8500,25.6875,-2.9375,-0.9375,8.7600,-7.4600,0.2400,42.3750,-2.4375,1.1875,2.6400,-8.8400,-0.2000,44.1875,-2.5000,-0.0625,-0.8900,-2.9300,-0.8700
21.4375,3.4375,-3.7500,-0.6400,-0.3300,-0.1200,21.7500,3.3125,-3.3125,-0.7100,-0.3500,-0.0800,22.5000,3.3125,-2.8750,-0.4200,-0.2800,0.5700,23.4375,2.8125,-2.6250,-0.4000,0.0300,0.5800,24.7500,1.9375,-2.3125,-0.1800,1.6600,0.4800,29.3750,-0.0625,-3.0625,0.3400,6.6500,-0.8200,43.8750,-1.8750,-2.9375,3.7000,6.7000,-0.3900,73.3125,-3.8125,0.5000,7.4500,-7.8300,1.4800,90.6250,-5.0000,1.5000,2.3200,-8.2400,1.2900,91.6875,-4.9375,1.8750,0.4700,-2.5800,-0.3200
92.1250,-3.6875,-2.1875,0.1000,0.2700,0.7100,92.2500,-3.9375,-1.7500,-0.1300,0.7300,-0.2800,95.8125,-4.8125,-0.8125,0.4200,4.6600,0.3200,110.0625,-5.1250,1.8125,2.2900,4.7900,1.3800,132.0000,-4.3750,6.4375,3.3700,-4.3700,-0.5700,144.3125,-2.6250,10.5625,2.0700,-6.7900,-0.8400,145.2500,-2.8750,10.7500,0.1000,-2.1200,-0.3900,144.3750,-3.1875,10.3750,-0.0200,-1.1800,0.0300,143.6250,-3.3125,10.0625,0.3100,-0.6000,-0.3400,142.9375,-3.5625,9.2500,-0.5100,0.0300,-0.3500
30.6250,-2.3750,-6.1250,-0.0600,-0.5400,0.7600,30.0625,-2.1875,-6.2500,-0.4200,0.2900,-0.1600,31.1250,-2.3125,-6.2500,-0.2000,4.0100,0.2500,39.4375,-3.5000,-5.3125,0.8500,6.3400,-0.6400,58.6875,-4.6250,-2.1250,3.4200,5.6600,-0.4200,88.9375,-4.1250,1.6875,8.3900,-10.3800,0.5400,100.1875,-3.7500,4.8125,0.8600,-7.5200,-0.7500,97.9375,-5.1250,4.1875,-0.4200,-0.8300,-0.5700,96.2500,-5.4375,3.9375,-0.3500,-0.1900,0.0400,96.0000,-5.4375,3.5000,0.2200,0.1900,0.3200
135.1250,-3.9375,-0.7500,-0.1300,-0.7100,-1.0000,135.8125,-3.3125,-0.6875,0.4900,3.2500,0.7500,142.5000,-3.3125,0.4375,2.1300,7.7900,0.7100,161.8750,-3.7500,3.3750,5.0100,1.2200,-0.1100,184.9375,-3.2500,8.6250,4.2100,-9.0000,-0.6400,192.0000,-2.6250,10.8125,0.9900,-3.7500,-0.1300,190.6875,-3.8125,9.9375,-0.3100,-0.8400,-1.2200,189.3750,-3.8750,9.3750,0.0600,-0.3700,0.0000,188.2500,-3.6875,8.7500,-0.0700,-0.0500,0.1300,187.9375,-3.3125,8.5000,0.0900,-0.4100,0.3900
104.3750,-6.6250,-3.0000,-0.0700,-0.2600,-0.2500,104.0625,-6.3750,-3.1875,-0.0400,-0.3400,0.0000,103.4375,-5.7500,-3.8750,1.0400,0.4000,1.0100,107.6875,-6.9375,-4.6875,1.7000,16.1900,0.3200,135.4375,-9.3125,3.3750,9.4900,-0.0500,0.4300,161.1250,-8.4375,6.0625,6.4200,-13.8800,0.9900,165.2500,-8.0000,7.2500,-0.2600,-1.8100,-0.7500,165.3750,-7.6875,8.3125,-0.4400,-0.6400,0.0200,165.9375,-7.2500,8.2500,0.4300,-1.2800,0.4200,165.8125,-7.3750,7.9375,0.1000,0.0100,-0.5200
64.5625,-2.7500,-5.3750,0.1500,-1.1200,-0.2100,68.8750,-3.8750,-5.6250,1.7800,12.3500,-0.8700,98.5000,-6.5000,2.0000,7.8900,-3.7300,0.7600,124.1875,-8.1250,3.3750,3.7300,-5.7100,-0.7800,134.4375,-7.7500,2.1250,2.1800,-6.8400,1.5300,137.3125,-7.1875,2.1875,0.1000,-3.1200,-0.8600,137.0000,-6.4375,2.8125,-0.1100,-0.2600,-0.1000,136.8125,-6.6250,4.2500,-0.0700,-0.5800,-0.1400,136.9375,-6.7500,4.1250,-0.0300,-0.7100,-0.1600,136.9375,-6.6250,4.1250,0.5600,-0.6400,-0.2500
202.4375,-6.1250,3.5625,-0.7400,-0.6600,0.5300,199.6250,-7.2500,2.2500,-0.7200,2.1100,-1.2300,199.2500,-7.8125,2.1875,0.1900,4.4500,-0.2100,210.1875,-8.8125,3.5625,2.6500,6.4600,0.3400,231.9375,-9.3125,8.3125,4.7300,1.9400,-0.3400,255.9375,-8.0000,13.8125,3.3200,-3.6500,-1.4700,272.4375,-5.5000,16.6250,0.9400,-6.0800,-1.0700,274.1875,-4.2500,19.1875,0.6100,-3.4400,0.2500,270.4375,-5.3125,18.7500,-0.0800,0.0000,-0.7100,266.0000,-5.8750,17.0625,-0.3200,1.5500,0.4400
165.7500,-9.6875,-3.3750,0.6200,0.6200,0.0400,164.6250,-8.1875,-4.0000,0.0900,-0.2600,0.0500,163.3125,-6.8750,-4.1250,0.1400,4.2200,0.2200,168.7500,-6.7500,-3.5000,1.3300,4.4600,0.1500,181.5625,-6.8750,1.0000,2.2700,4.2600,0.0300,199.2500,-6.5000,6.0000,4.5900,-1.3600,0.3000,217.0625,-4.9375,12.4375,3.1500,-8.8600,-0.9000,224.0000,-4.0625,14.3750,1.1000,-9.1700,-1.0600,214.9375,-5.4375,10.0625,1.1500,-1.7900,-0.5500,202.0625,-6.1875,5.5625,0.4500,3.1000,0.1600
76.8750,-4.6250,1.1250,-0.4500,-0.1700,-0.3700,77.5625,-4.1250,1.4375,0.1600,-0.2000,0.0200,78.3125,-3.5000,1.5000,0.0500,0.4900,0.0600,81.8750,-3.4375,-0.9375,1.3500,8.7500,1.1600,102.1875,-5.9375,-1.0000,5.4500,4.0700,-1.0800,130.8125,-6.5625,2.3750,7.9400,-16.0700,0.7800,137.6250,-6.4375,3.6250,1.0600,-10.1200,-1.3800,132.5625,-5.6875,4.6875,0.9400,-5.6000,-0.7600,120.0625,-4.5625,3.8125,2.3900,0.2500,1.1100,107.0625,-4.6875,2.0000,1.1900,2.8100,0.1300
33.7500,-2.3125,-0.5625,-0.5300,-1.5100,-1.0600,34.1250,-1.5000,-1.1875,-0.4300,-0.6800,-0.0200,35.0625,-1.5625,-1.4375,-0.0800,-0.4700,0.4000,37.5625,-2.5000,-3.1875,-0.0900,4.4600,0.0100,47.6875,-4.5625,-4.2500,1.0600,5.2400,-1.5200,68.7500,-5.5625,-4.9375,4.7100,5.1100,-1.1700,97.0625,-4.6250,1.3750,7.4300,-6.7400,-2.2200,111.5625,-1.2500,9.0625,2.1600,-9.4200,-0.9400,108.1875,-2.3750,8.3750,0.2800,-2.9900,-1.1600,101.2500,-3.1250,6.6250,0.5700,-0.8500,-0.6600
330.5625,-0.9375,-6.8125,-0.3200,-0.3300,0.6100,331.8750,-1.2500,-6.8750,-0.6600,-0.0500,-0.2000,333.3125,-1.0625,-7.6875,0.4100,2.4200,0.6600,338.9375,-2.0000,-8.0000,0.6300,2.5900,-0.5600,351.5625,-4.0000,-6.0625,3.0700,7.2600,-1.9700,17.7500,-5.5625,-2.0625,5.7200,3.3100,-2.3100,55.9375,-3.3125,1.9375,9.9700,-15.2500,1.0800,69.8750,-1.8125,0.5000,3.1000,-13.9200,2.0700,60.7500,-2.8125,0.0000,0.0600,-1.9100,0.3000,48.3125,-3.0000,0.5000,0.2200,0.1300,-0.1500
101.4375,-6.0625,-1.5000,0.2600,0.0000,0.5100,100.7500,-5.0625,-1.8125,0.4400,-0.4000,-0.2000,99.9375,-4.4375,-1.9375,0.3800,-0.1000,-0.2900,99.9375,-3.6875,-0.2500,1.5300,6.1100,0.5000,113.7500,-5.5000,2.6875,2.9000,4.2100,-3.1500,144.7500,-3.8125,6.8125,7.0700,-12.3400,-1.9000,153.1250,-3.0625,10.5625,4.0800,-12.6700,-1.9500,135.8750,-7.2500,6.9375,2.5100,0.0700,-1.0500,118.0000,-9.4375,3.3125,0.7800,7.1600,0.8600,109.9375,-10.5625,3.8750,-0.5900,4.0100,-1.1000
167.0000,-7.6875,0.5625,0.1200,-0.2000,0.0600,167.3125,-8.1875,-0.5000,-0.1700,1.1100,-0.4000,168.0625,-8.0625,-0.5625,0.6900,1.9100,0.3800,170.3125,-8.1875,0.3125,2.1100,6.1100,0.5900,180.7500,-9.0625,2.5000,3.6500,5.8600,1.2100,199.9375,-9.6875,7.7500,4.9600,1.3500,-0.2900,224.4375,-9.9375,11.0625,4.5400,-5.2100,-0.9000,242.5000,-8.4375,16.0000,0.5400,-8.3200,-1.0700,246.9375,-7.6250,18.6250,-0.1600,-6.0900,-1.0700,243.5625,-8.6250,17.8125,-0.1600,-1.6100,-0.5100
279.1250,-10.3125,2.7500,-1.2300,0.6400,-0.6300,278.9375,-7.8750,2.5000,-0.5800,5.2200,0.4600,285.5625,-5.8750,3.8125,1.1000,5.2000,1.4400,300.0625,-5.3125,4.3750,2.3000,1.4500,1.2700,317.2500,-6.3750,5.5625,1.8400,-0.3000,0.0000,329.1875,-6.4375,8.3125,0.9700,-4.3100,0.4300,335.4375,-6.7500,9.4375,0.0100,-5.7800,-0.1900,335.0000,-7.0000,9.3125,-0.3000,-3.8800,-0.4000,331.2500,-6.8750,9.3750,0.3600,-2.5100,-0.5600,324.1875,-7.0625,8.4375,0.0300,0.4500,-0.3800
332.8125,0.0000,0.6250,-0.6900,-0.0500,-0.2700,333.5000,0.0000,0.3750,-0.4500,1.5400,0.5900,337.6875,-1.3750,-0.8750,-0.2000,4.1600,1.2700,350.0625,-3.0625,-0.3750,1.3100,4.3100,-0.0100,15.0000,-3.4375,2.2500,3.1600,-0.2400,0.5500,34.1250,-6.8750,5.5000,1.6000,-6.5800,0.7100,41.1875,-10.3125,6.3125,0.8900,-4.7800,-2.7600,39.3750,-10.6875,5.3750,-0.8100,-0.1400,-1.4100,37.6250,-9.4375,5.0625,0.1900,-1.5100,0.6300,34.6875,-8.6250,5.5625,-0.1000,-2.3100,-0.2400
65.1875,-0.1250,-1.1250,-0.2000,-0.5600,-0.5200,64.8125,0.2500,-1.0625,0.2700,-1.2100,0.4500,65.0000,0.4375,-2.0000,0.7600,3.3900,0.7300,73.1875,-0.6250,-4.0625,1.9500,4.5900,0.4400,90.6250,-2.8125,-2.9375,1.7400,0.0400,0.4000,105.0625,-3.8750,-0.8750,1.1600,-6.0300,-0.4100,109.0000,-3.3750,-0.2500,0.0600,-4.5600,-0.0700,107.6875,-2.6875,-0.3750,0.0000,-3.0900,0.6200,103.0625,-2.6250,-0.6875,-0.0800,-0.2600,0.1400,98.8125,-2.6875,-1.5000,0.0500,1.9700,-0.0800
13.7500,-0.9375,-1.7500,-1.0300,-1.6000,-0.1300,12.5000,-0.7500,-1.0000,-0.5200,-0.8000,-1.0000,11.7500,-0.4375,-2.0625,0.4500,6.7700,0.0600,25.5625,-3.8125,-1.8750,2.9100,5.6100,0.2200,49.6875,-5.6875,-1.5625,4.5200,1.7900,-0.8600,75.0000,-3.1250,3.1875,6.3300,-9.8900,1.4600,86.5000,-2.0000,3.3750,0.7400,-4.4300,-0.3000,88.1875,-2.0625,2.8750,-0.0100,-3.1300,-0.1000,87.2500,-2.1875,2.3750,0.0200,-1.4300,0.0800,86.4375,-2.5625,1.0000,-0.0900,-0.7300,0.0500
333.3750,7.0625,-3.9375,-0.6600,-1.5300,0.2800,330.0625,5.6875,-2.6875,-1.0300,-0.4200,-1.2900,325.6875,6.1875,-3.1875,2.6300,7.5000,3.4200,334.8750,3.3750,-2.5625,6.3800,15.1900,-0.0800,18.1875,1.1875,-4.2500,15.0300,2.1700,1.9200,59.1250,-0.2500,-2.1250,13.6200,-11.6300,0.0900,75.8125,-1.5625,3.7500,1.7200,-11.0600,-1.3800,75.3125,-2.7500,2.0000,-0.5700,-3.7800,-0.4800,72.7500,-3.3125,0.7500,-0.6900,-0.9400,-0.1800,70.6875,-2.9375,0.0000,-0.2400,0.4100,0.3700
318.6875,1.3125,-4.8750,-0.5000,-1.1000,1.2200,318.6875,1.9375,-4.7500,-0.3100,-0.1700,-0.2900,318.0000,2.2500,-5.5000,0.0900,0.6000,-1.1300,317.8750,2.9375,-6.0000,-0.0500,0.7100,-0.0800,321.3750,1.3750,-7.6875,3.9500,12.8100,-1.1400,357.5000,-5.0000,-1.1875,13.3400,5.7900,-2.7600,42.0625,-4.6250,1.3750,13.1100,-9.4600,-0.7200,61.2500,-2.6250,4.5625,4.0000,-13.3000,1.4700,58.4375,-4.4375,3.6875,-2.0700,0.8700,-0.0800,57.8125,-4.8750,3.5000,-0.2800,-0.5400,-0.1800
8.8750,3.8125,-5.9375,-0.0200,-0.8300,1.4200,11.2500,3.3750,-5.0000,-0.8400,-1.3300,-0.9600,12.1250,3.9375,-5.5625,0.8100,4.5400,0.6200,23.1875,1.4375,-6.3125,6.2200,19.5500,-0.0600,69.1250,-3.3750,1.0625,18.2200,-6.6400,-1.2300,95.7500,-3.6250,7.8125,3.3100,-11.2400,-0.8300,92.8750,-4.9375,8.2500,-0.1700,-2.5300,-1.0600,90.3750,-4.8750,9.3750,-0.5400,0.7400,-0.4200,90.0000,-3.0000,9.2500,0.2900,-0.1100,0.5900,89.5000,-1.2500,7.4375,-0.0600,-0.2900,0.8200
33.4375,-0.2500,-6.6250,0.4400,-1.3100,0.8000,34.0625,0.3125,-6.4375,-0.0400,0.6600,-0.1000,35.6250,0.6875,-5.8125,0.0600,-2.5400,-0.0100,33.7500,2.3750,-6.2500,1.0000,4.6100,0.6400,40.5625,1.8125,-5.8750,1.7500,4.4600,-2.2700,60.8125,0.4375,-4.8750,9.9300,13.5700,4.4500,113.7500,-2.5625,11.7500,17.8400,-28.9100,-5.1100,118.5000,-6.3125,10.0000,-0.3100,-1.9400,-2.3600,112.4375,-8.8750,6.5000,-1.1200,0.2800,-1.4100,109.9375,-7.3750,5.3750,-0.2700,-0.5200,-0.3300
98.7500,-1.1875,-3.3750,0.2900,-0.2700,2.4900,100.4375,-1.5625,-3.8750,-0.8500,-0.4200,-0.7300,101.1250,-1.3125,-4.5000,0.9100,1.5000,0.8500,105.4375,-3.2500,-3.8125,4.1000,9.0000,1.8400,131.6250,-10.4375,3.6250,8.1600,4.2700,-2.5900,163.9375,-11.6875,8.8125,6.0500,-17.0800,0.1800,171.1250,-13.0000,9.8750,0.3600,-8.8600,-2.8300,167.7500,-12.8750,8.1250,-0.7000,-1.8000,-1.3600,165.1250,-11.8125,6.5625,0.0800,-0.1500,0.0500,164.1250,-9.8750,6.5000,0.0400,0.0600,2.4400
161.3125,-8.8750,-2.5000,-0.1000,1.1000,-0.4500,166.8750,-8.7500,-1.9375,5.3900,11.2900,2.5300,196.2500,-11.4375,3.5625,9.1200,-0.9600,0.2100,226.2500,-12.6875,8.1250,7.4700,-5.1300,1.7900,245.9375,-14.0000,12.9375,2.3200,-8.1700,-1.1500,250.9375,-15.9375,13.5625,0.0900,-4.4100,-1.9500,248.5000,-16.7500,12.0625,-0.2800,-0.7600,-0.5500,245.6250,-16.8750,9.5625,-0.6300,-0.0500,-0.4500,243.5625,-16.4375,7.5625,-0.1500,-0.3000,-0.2200,242.4375,-16.1875,6.3750,-0.0300,-0.6100,-0.4000
155.0000,-9.6875,-4.5625,0.0100,-0.0400,-0.4500,151.7500,-7.6875,-5.7500,2.1700,4.9300,1.5100,159.1250,-9.2500,-3.9375,4.8900,17.1800,0.5100,191.2500,-11.1250,6.6250,13.8600,1.0300,-2.3600,223.9375,-8.9375,10.1250,5.8900,-13.6200,0.8500,228.9375,-10.1875,9.5000,0.0500,-3.9000,-0.8800,229.5625,-10.5625,9.6875,0.4800,-3.8600,-0.5200,225.0625,-11.0000,10.4375,0.0900,0.5600,0.0300,221.0625,-12.0000,9.6875,-0.6800,1.0900,-0.1000,218.4375,-12.1250,9.3750,0.0200,-0.3300,0.8200
149.0000,-5.8750,-5.0625,1.0500,-0.4900,1.3100,145.4375,-7.0625,-7.0625,1.1500,15.9300,0.7100,168.1250,-11.7500,-1.0625,10.7000,10.2900,-2.7100,213.4375,-9.6250,9.5625,10.0400,-12.3800,1.8800,230.6875,-8.3750,10.6875,3.1500,-9.8800,0.7100,229.8750,-10.6875,10.4375,-0.3600,-1.8100,-1.5200,225.1250,-12.2500,7.6250,0.1200,0.0400,-0.5800,220.9375,-12.0000,5.4375,0.2500,0.8200,-0.4400,218.8125,-10.8750,3.6250,0.2100,1.4700,0.2700,218.0000,-10.1250,3.0625,0.5200,1.9900,0.7500
215.5625,-7.5625,-2.9375,-0.0500,0.4800,-0.5100,212.0625,-7.9375,-5.8125,0.2300,3.1800,0.1000,214.6875,-8.0625,-3.7500,2.3400,9.8100,-0.8300,247.3750,-7.3125,4.6250,7.4900,1.1100,2.1500,274.6875,-7.3125,8.3750,6.7400,-4.5600,0.1400,293.7500,-8.0000,8.2500,4.0300,-7.9600,-1.2200,299.8750,-7.9375,9.3125,-0.4500,-3.3500,-1.3800,297.4375,-6.6875,9.2500,-0.2300,-1.1400,1.5200,294.1875,-6.8750,9.1250,-0.7000,-1.3800,-0.2400,291.3125,-6.8750,8.9375,0.0800,-2.6700,0.3200
184.5000,-6.4375,-6.5625,0.4500,-0.9900,-0.4100,183.3750,-5.6875,-5.9375,-0.0200,-0.5100,-0.0100,183.3125,-5.6250,-6.7500,0.1700,10.0000,-0.2300,198.1875,-6.8750,-1.6250,4.2400,7.1100,-1.0100,235.6250,-5.0625,4.9375,10.5400,-4.6500,-0.6000,254.5000,-1.6875,9.5625,3.0800,-7.4700,-0.7600,252.3125,-2.8125,7.7500,-0.0900,-1.4100,-0.4000,248.1875,-2.9375,6.4375,-0.7700,-0.0800,0.5000,244.7500,-2.8125,6.9375,-0.2800,-0.1400,0.9600,241.2500,-4.3125,6.6875,-0.9300,1.3500,0.4300
129.6250,-3.8125,-7.8750,-0.0600,-0.2700,-0.5500,128.7500,-2.5000,-8.5000,0.3300,-0.7100,0.5300,126.8750,-2.2500,-8.1875,1.5100,8.8900,-0.2500,140.8125,-6.1250,-6.6875,4.4700,10.4500,-4.6700,176.0625,-9.5625,2.9375,10.9600,-6.5600,-1.2600,198.9375,-9.5625,10.8750,4.7900,-12.3800,-1.0200,196.9375,-10.3750,9.0625,0.0800,-1.3300,-0.7400,193.5000,-10.4375,7.1875,-0.1400,0.3600,0.3900,191.8125,-10.3125,7.0000,0.2700,0.3600,0.3800,190.4375,-9.9375,6.0625,-0.3300,1.2800,0.6800
69.8125,-7.1875,-4.4375,0.0400,-0.6900,-0.1500,67.4375,-5.1250,-5.1875,-0.0600,-0.0500,-0.0900,66.6250,-3.5000,-5.6875,0.9300,5.4500,0.9300,74.3750,-3.6875,-7.2500,2.2900,11.5300,-2.2600,101.3125,-4.0000,-6.9375,8.7700,6.3700,1.3500,136.1875,-5.6875,1.6250,8.1300,-14.0300,-1.7600,146.6250,-5.6250,6.1875,0.9500,-6.4700,-1.0800,142.5000,-7.0000,3.7500,-0.7300,0.7700,-0.1700,140.9375,-6.5625,2.5000,-0.1200,0.0700,0.1100,140.9375,-5.8125,1.9375,-0.0900,-0.1400,0.4300
359.6250,-6.3750,-7.6875,-0.6900,0.2600,0.5700,359.3125,-5.3750,-7.6250,-0.4300,1.4900,-0.1700,2.9375,-4.5000,-8.8125,1.9000,8.9300,-0.5900,28.0000,-5.3125,-5.7500,4.6500,6.6500,-2.7500,65.1875,-2.5625,-0.3750,7.3500,-9.3300,-0.1600,83.3750,-0.8750,1.3125,3.8100,-13.0000,1.6300,82.6250,-2.3125,0.3125,-1.1900,-1.9000,-0.8400,80.8125,-1.1250,-1.0625,-0.3100,-0.4300,0.4600,79.5000,-0.6875,-1.3125,-0.5300,0.5200,0.3800,79.1875,-0.1250,-1.5000,-0.2900,0.1900,0.1000
129.0625,-1.5625,-4.5625,-0.6200,-0.2100,-0.3500,129.3750,-1.7500,-3.2500,-0.2500,-1.0300,-0.4700,128.7500,-1.3125,-2.6250,-0.1700,0.4500,0.5400,128.3750,-1.0625,-2.3125,2.0800,3.6100,0.5400,130.1250,-0.8750,-3.9375,3.3700,12.4800,1.2000,156.3750,-6.9375,-3.5000,10.8100,4.5100,0.7700,196.0000,-10.0625,7.9375,7.1900,-12.3800,0.3300,206.7500,-10.8750,11.3125,1.4200,-10.2400,-2.1400,202.8750,-12.4375,7.6875,-0.1200,-2.5500,-0.4200,198.6250,-13.7500,5.4375,-0.5300,0.2300,-0.2600
169.9375,-2.6875,-2.9375,0.1500,-0.2000,0.1400,168.0625,-2.2500,-2.9375,0.0200,0.0200,0.5100,166.8125,-2.2500,-2.5000,0.0200,1.5900,0.3400,168.2500,-3.3750,-3.1875,1.8200,6.0800,2.6100,182.1875,-8.1250,-3.1250,5.8300,10.6400,-0.4800,223.3125,-9.8750,6.5000,11.1400,-6.9600,-2.7300,246.6250,-7.3125,11.5000,3.6600,-11.2200,-1.7200,247.2500,-7.7500,11.0000,0.4000,-4.0100,-0.7500,242.7500,-8.3750,9.3125,-0.2400,0.5000,-0.1600,238.6875,-8.3750,8.8125,-0.4500,0.1200,-0.2200
218.0000,-3.5625,-1.5625,-0.6200,-0.8500,-1.1300,217.1875,-2.8125,-2.0000,-0.3400,0.6600,-0.1800,216.9375,-3.1875,-2.0000,-0.0800,8.4800,1.9600,227.9375,-8.2500,-2.8125,3.6400,11.1900,-0.6900,262.6250,-11.8125,4.3125,7.0300,-4.8000,-1.8700,281.3125,-11.5000,7.8125,2.5200,-6.7000,-1.9600,281.7500,-10.8750,7.1250,0.3200,-1.7600,0.2600,279.6250,-10.0625,7.1875,-0.6000,0.4200,0.7900,279.5000,-10.0000,7.4375,-0.4500,0.6600,0.2800,279.6875,-10.1875,7.5625,-0.4700,0.6700,-0.3800
281.9375,-3.1250,1.6875,-0.3100,-0.6400,0.1100,281.0000,-3.4375,2.1875,-0.0300,0.1600,0.1500,280.4375,-3.9375,1.3750,0.5400,6.2700,1.9800,289.5625,-5.6875,0.9375,2.5600,10.8600,0.7900,319.4375,-5.9375,2.4375,7.3900,0.6500,-0.7000,347.3750,-5.3750,6.0000,3.2300,-7.8200,0.3200,357.8125,-7.0000,5.5000,1.1200,-5.3600,-2.0200,355.1875,-6.8750,3.6875,0.1600,-1.1800,0.3600,351.3125,-6.3750,2.6875,-0.2300,1.2500,1.1300,348.6250,-6.3125,2.5625,-0.8000,0.7000,-0.1800
256.8125,-7.3750,-3.8125,-0.1000,0.7900,-0.1500,254.8750,-7.1875,-3.8750,0.0000,-0.1000,0.0500,250.5625,-7.5000,-4.5625,0.9600,5.8900,0.4400,262.0000,-8.6250,-2.8125,5.8000,9.3300,-1.3100,292.0000,-7.7500,2.4375,7.4500,1.0200,2.3000,321.6875,-8.5000,7.6875,5.7100,-13.4800,-0.0600,327.8125,-10.9375,6.6875,0.2600,-6.3600,-2.0100,323.0000,-10.6875,5.9375,-0.4300,-0.7500,-0.0400,320.0625,-10.3750,6.0000,-0.7900,0.8900,-0.1100,319.5000,-9.8125,5.8125,-0.2300,-0.3200,0.4200
248.8125,-6.8125,-3.3750,-0.1100,-1.3000,-0.2000,244.4375,-8.0625,-3.9375,1.7400,19.2700,-0.7900,273.0000,-10.2500,4.3750,9.2100,2.2300,-0.3000,304.6875,-8.7500,6.7500,7.5400,-6.3000,2.5300,320.6250,-9.9375,7.6250,2.6100,-7.0300,-1.4000,321.8750,-10.6250,7.4375,0.3700,-4.2400,-0.6300,316.9375,-11.0000,5.1875,-0.7400,2.0500,0.2900,315.7500,-10.3750,5.8750,-0.2800,-0.0500,0.5500,314.6250,-10.0625,6.5625,-0.3300,0.2900,-0.0600,313.8125,-9.9375,6.0000,-0.7000,0.9100,-0.4400
259.5625,-7.9375,-4.3750,-0.0700,0.6800,-0.1500,258.1250,-6.9375,-5.0000,0.3500,0.1700,0.4000,255.2500,-7.5000,-8.1875,1.4500,10.6000,0.2000,274.6250,-15.0000,-3.0625,9.1400,10.7500,-3.8800,318.6875,-13.1875,7.9375,8.8300,-11.9600,3.4800,333.7500,-13.9375,6.9375,1.8900,-11.7400,-2.0500,328.8125,-13.3750,4.7500,-0.1600,-1.1800,-1.1600,324.8125,-11.5625,4.4375,-0.5200,3.0300,1.1700,325.0625,-10.4375,5.6250,-0.4900,0.0500,-0.1100,325.8125,-10.5625,4.9375,-0.3700,-0.2200,-0.4800
267.5625,-5.8125,-3.2500,0.3200,0.2700,0.3500,265.8750,-8.0625,-4.5625,2.7800,17.7100,-1.8500,297.8750,-8.1250,5.1875,9.6500,0.0100,1.3200,330.3750,-6.3750,8.1875,6.4200,-12.1300,2.8700,341.6250,-9.3750,7.3125,0.6300,-5.1500,-0.9000,341.5625,-9.5625,7.4375,0.4300,-2.7500,-1.0300,337.6250,-8.6875,7.3125,0.3800,-1.8100,0.6200,331.1875,-8.8750,6.6250,-0.1900,-0.4000,-0.3500,325.6250,-8.5000,5.2500,-1.0300,1.1500,0.0000,322.5000,-7.2500,4.8125,-0.4800,-0.1500,0.7700
215.8125,-6.6250,-8.6875,0.1400,-0.0700,-0.7500,211.5000,-5.1250,-8.6875,0.5600,10.4200,1.1100,230.4375,-9.0625,-3.0000,7.9700,14.9100,-6.7500,269.2500,-4.8125,7.0000,8.8600,-7.5900,2.8400,283.5000,-6.0000,9.3125,2.1500,-7.5200,-1.0800,282.0625,-8.3125,8.3750,-0.1800,-1.3700,-1.7700,279.9375,-8.6875,8.6250,-0.3500,-0.5400,-0.4400,278.5625,-7.6875,9.1250,-0.3000,-0.2500,0.5300,277.0000,-7.1875,8.7500,-0.2100,0.8600,0.3700,276.6250,-6.2500,9.0000,0.1300,-0.7000,-0.1300
163.1250,-8.2500,-5.0000,1.1200,0.3000,0.2900,158.1875,-5.4375,-5.4375,0.5200,-0.2100,0.5000,154.5000,-3.6250,-6.0000,0.2600,-0.0600,0.6900,152.6250,-3.2500,-5.2500,-0.3300,-0.6500,-0.3300,148.9375,-3.0625,-3.2500,0.4700,-0.3400,0.0400,143.1875,-2.0625,-3.4375,3.0300,4.6500,0.6100,152.3750,-5.4375,-3.0625,6.7800,16.4900,-0.2800,198.6875,-8.4375,11.8750,13.9400,-12.4600,-3.2300,218.1875,-11.9375,10.3750,3.4500,-12.0400,-2.9700,208.5625,-13.3125,3.9375,0.1700,-0.8700,-2.1000
93.6875,-1.6250,-4.5000,0.4700,-0.5600,0.0800,93.9375,-0.2500,-3.5000,-0.2600,-2.8000,0.7400,92.1250,0.6875,-3.1250,-0.2600,0.5200,-0.2500,91.3125,1.8750,-4.2500,3.8700,7.4000,4.3500,101.0000,-0.7500,-5.0625,3.7400,11.8500,2.1500,142.2500,-5.1250,3.0625,18.5300,-8.3600,-1.8900,166.0000,-7.5625,8.6875,2.5800,-8.0300,-3.0300,158.1250,-10.3125,6.6250,-0.7600,-0.2300,-2.4700,151.8125,-9.5000,4.1875,-0.3800,0.2800,0.2900,146.7500,-7.8125,2.0000,-0.1700,0.5300,0.2800
45.0625,0.6250,-2.3125,-0.3700,-1.2400,-0.5200,45.1250,2.0625,-2.8125,-0.3900,-1.9700,0.0200,44.6875,3.4375,-3.6250,-0.1400,0.2600,0.6800,44.0625,4.0625,-2.6875,0.3000,-0.8300,0.3400,42.1250,4.8125,-2.7500,-0.1600,-1.5600,0.1300,37.6250,5.5625,-4.6875,2.4900,0.8300,4.4400,41.5625,0.1250,-4.7500,4.8200,17.9500,-1.8000,84.6875,-5.1875,-0.2500,14.0900,-4.8000,-1.3400,118.7500,-3.7500,0.5000,6.4100,-10.6900,0.6700,127.3750,-2.5625,4.9375,1.7500,-7.0000,0.4000
346.4375,-1.3750,-3.2500,0.5400,0.9100,0.3400,344.3750,-1.4375,-3.9375,-0.2300,-0.0900,-0.3300,344.2500,-1.7500,-4.4375,-0.4200,1.7700,-0.5600,346.6250,-1.9375,-5.1250,0.4100,8.1400,0.3100,3.2500,-3.9375,-5.0000,2.7900,4.5800,-3.6100,33.0000,-0.6250,-3.8750,5.4200,-2.8600,-1.1700,54.0625,5.1250,-5.0000,4.5600,-11.0400,3.8500,58.3750,4.8750,-3.5000,-1.2800,-4.7400,-0.3500,57.3750,5.1250,-4.0000,-1.2400,-1.2700,-0.3300,57.0000,5.5000,-3.7500,-0.7000,-0.2300,0.0400
74.5000,1.5000,-2.8750,-0.2100,-2.0000,-0.8900,72.5625,2.2500,-2.3125,0.0500,-1.2600,-0.9000,67.7500,4.0625,-4.3125,-0.1100,3.5700,0.2600,70.4375,3.8125,-6.5000,0.8800,6.8000,0.2700,98.5625,-2.9375,-9.8125,8.8000,7.7400,-2.5500,128.9375,-4.6250,0.2500,3.9100,-10.3500,-0.9600,124.5625,-6.4375,-0.6250,-0.7000,-1.9000,-1.4100,121.0000,-6.4375,-1.0625,-0.1600,-0.9500,-0.6900,118.1875,-5.4375,0.2500,0.2800,0.9900,0.1200,116.8750,-5.4375,0.1875,-0.0900,0.1800,0.5800
125.3750,-0.1875,-3.6250,-0.3100,-0.8000,-0.4100,124.7500,0.4375,-3.5625,0.5300,2.3700,2.2700,128.4375,-1.6250,-3.1875,2.9700,11.4200,0.3400,151.8125,-5.8750,5.0625,7.6900,-0.4600,1.1100,179.3125,-10.1250,10.3750,4.1200,-15.6100,-2.6100,180.3750,-11.1875,7.8750,0.4700,-4.9200,-2.8500,178.6875,-10.4375,5.7500,-0.0100,-1.9100,0.4100,176.3125,-9.6875,4.0625,-0.3200,-0.2500,-0.2300,174.1250,-8.5625,2.0000,-0.2900,0.0700,0.9200,173.2500,-8.0000,0.6250,-0.5400,-0.0100,-0.3500
149.1250,-5.0000,-0.3125,0.0700,-3.4200,-0.8300,144.2500,-4.6875,-3.5625,-0.7500,0.6600,-0.0500,143.7500,-4.0625,-3.2500,1.3000,8.0500,2.0400,162.8750,-8.8750,-2.3750,6.4000,10.8700,-0.9300,196.6875,-11.0000,7.8750,8.3900,-12.6800,-2.5400,209.3125,-10.8750,9.5625,1.6400,-6.8500,-0.6500,210.6875,-11.6875,9.2500,0.4900,-1.8200,-0.2500,210.5625,-11.3125,7.7500,-0.0900,-0.1100,-0.4300,210.6250,-10.4375,6.1875,0.5700,1.5300,0.5700,213.1875,-9.6250,7.2500,1.0000,0.5200,1.0400
198.9375,-10.3125,-0.2500,-0.2000,-0.3300,0.2000,198.3750,-9.8750,-1.4375,-0.2800,-0.7800,0.1600,194.2500,-9.0625,-3.8125,0.8200,9.9700,1.2100,203.8125,-9.1875,-0.2500,4.4900,5.3100,0.0000,232.4375,-8.3750,4.1875,7.7500,-1.6200,0.0200,258.1875,-8.5625,10.5000,3.9400,-11.1500,-2.2900,262.3750,-9.5625,12.3750,0.3700,-3.4700,-1.7400,258.0000,-10.0625,10.0625,0.5700,1.0900,1.0200,255.1875,-10.0625,8.3125,-0.3300,0.4500,0.0600,253.9375,-9.8125,7.8125,0.1000,-0.6200,0.2100
132.6875,-3.6875,-6.5625,0.6800,-0.4900,0.3000,129.6250,-1.4375,-8.0625,0.6100,1.6400,3.4400,128.6875,-1.1250,-7.8750,-0.1200,-1.7400,-1.1100,127.2500,0.0000,-8.7500,-0.2000,-0.7700,-1.0000,127.2500,1.4375,-10.6875,1.4200,8.8600,-1.9800,147.8125,0.1875,-8.7500,3.9700,5.4600,-0.3900,176.6250,-1.2500,-1.3125,4.3800,-11.8700,0.1700,184.5000,-0.8125,1.0000,1.5700,-6.6200,0.0400,183.4375,-1.5625,-0.9375,-0.7700,0.1900,-0.5800,183.5000,-1.7500,-2.0000,0.1400,-0.8600,-0.2100
78.2500,-2.0625,-6.5625,0.3600,-0.1800,0.1000,76.4375,-1.6875,-5.2500,-0.0700,0.8100,0.4700,78.1250,-1.4375,-5.4375,0.6800,4.5700,0.2600,87.5625,-2.9375,-8.0000,1.9700,13.3400,-0.7100,117.5625,-5.5625,-2.9375,8.9800,-6.5200,1.8300,137.0625,-6.3125,1.2500,1.6400,-8.8300,0.0300,139.3125,-5.8750,1.3750,-0.7900,-2.0900,-0.4100,138.8750,-5.6250,1.0000,-0.7500,-0.4900,-0.0700,138.0000,-5.1875,0.5625,0.1700,-0.1100,0.6300,137.1875,-5.0000,0.0625,-0.2000,-0.5300,0.1700
35.1875,-1.6875,-6.1875,-0.0800,0.8000,0.4600,36.1875,-0.3125,-6.3125,-0.0900,-0.4800,0.4900,35.7500,0.7500,-7.0000,0.5800,3.4700,-0.9200,38.0000,2.3750,-6.6875,0.4500,3.5800,-2.7300,48.6250,7.1875,-7.1875,3.5700,8.3400,0.7800,83.6875,5.6250,-4.7500,6.5100,-4.6800,0.1300,110.8125,2.8125,-2.5625,5.7200,-12.8800,1.8500,114.8750,0.9375,-2.4375,-0.9900,-2.5100,-2.0600,115.5625,1.3125,-5.0000,-0.7700,0.4800,0.0500,116.5000,2.2500,-4.6250,0.1300,-0.4400,0.4900
352.5000,2.0625,-5.2500,-0.6500,-0.0200,-1.1000,354.9375,4.3125,-3.9375,-0.0400,0.0700,1.7900,357.7500,4.2500,-4.4375,0.5600,2.1000,0.6300,7.4375,2.0625,-4.8750,2.9000,8.5400,-0.2300,31.0625,-1.0625,-2.6250,5.4900,9.0800,-0.9900,61.3125,-0.5000,3.0000,9.2300,0.3200,-5.4800,86.6250,5.2500,0.5000,3.0200,-10.6700,3.4800,92.8750,2.6875,-2.0000,-0.4500,-5.0500,0.0200,94.0625,1.5000,-1.8750,-0.6100,-3.0900,-1.2300,92.6250,1.5625,-1.3750,-0.9000,-0.6900,-0.5800
65.3125,0.4375,-0.8750,-0.0600,-0.2600,0.0800,64.6875,1.4375,-0.9375,-0.3400,0.0100,0.2900,65.0625,1.5000,-1.6875,-0.0200,0.6200,0.8700,66.6250,1.0625,-2.2500,0.6000,5.2200,0.4100,78.5000,-1.6875,-3.6250,2.2100,10.6300,-0.2700,110.8750,-6.1875,-2.0625,5.6500,2.0600,-5.6800,139.8125,-2.3750,1.3125,6.6700,-14.9400,2.0600,139.4375,-2.9375,4.0625,-1.0300,-1.8200,-1.5000,137.9375,-2.1875,4.0000,-0.5900,-0.0900,0.5800,137.8750,-1.9375,5.0625,-0.4500,-0.9700,0.5400
143.4375,-0.4375,-0.0625,0.2500,-1.1800,1.7900,144.5000,1.5000,-1.8125,0.1500,-1.4000,0.1500,143.1250,1.8750,-2.2500,-0.6200,-1.3400,0.2800,138.2500,1.5625,-4.6250,1.0800,-0.8100,2.4300,133.5625,-0.8125,-8.0000,1.6500,14.3200,1.1300,158.1875,-6.5625,-2.8125,6.7300,5.3800,-3.2100,188.5000,-7.5000,0.8750,6.8300,-9.9000,1.0300,197.9375,-7.5625,1.3750,0.1200,-6.6100,-2.3100,197.5000,-6.3125,2.4375,-0.6400,-3.1800,-1.4400,195.6250,-3.8125,7.3125,-0.5000,-0.4700,0.8800
146.6875,-4.3750,-5.3750,-0.3100,-0.8000,0.0900,144.9375,-2.8125,-4.8125,-0.1100,1.2200,-0.0700,144.9375,-0.8750,-5.0625,0.9900,4.0900,-0.3400,153.2500,-0.7500,-7.8125,3.7900,5.2800,-0.9900,179.9375,-1.6875,-7.3750,9.9900,-5.4400,-0.4900,215.2500,-3.9375,4.0000,4.5000,-12.5400,-1.7700,222.6875,-6.2500,5.9375,0.3600,-4.3100,-1.3400,222.5625,-7.6875,8.2500,0.4300,-2.1700,-0.0700,220.0000,-8.1875,9.1875,-0.4000,-0.8900,-0.4400,218.1250,-7.8750,9.6875,-0.0600,-2.3300,0.6400
132.2500,-0.1250,-0.1250,-0.2500,-0.2600,0.2600,132.4375,0.0625,-1.8125,-0.3200,2.3100,0.0700,135.3125,0.0000,-5.1875,1.1100,6.2200,0.3600,150.6875,-2.8750,-5.2500,4.9900,6.9400,-1.1600,185.0625,-4.8125,3.9375,5.8700,-3.9300,-1.2700,208.6250,-3.4375,10.4375,4.4500,-8.7200,-0.4400,215.5625,-3.5000,14.7500,2.0600,-13.3900,-4.6100,202.6875,-5.6875,8.7500,-0.2300,2.0400,0.5400,193.0625,-7.3750,5.8125,-0.5700,2.7600,1.5200,192.3750,-9.3750,4.5625,-0.4400,0.9500,-0.2800
179.6875,-1.1875,-3.3125,-0.4600,-0.6100,0.1500,179.1250,-1.1250,-4.4375,0.1100,-0.8600,0.4400,178.3750,-1.0000,-4.5625,-0.0400,-0.4500,0.8300,180.0000,-1.3125,-3.5625,2.9100,11.2200,0.4800,200.0625,-5.8125,-1.6250,7.8900,8.6100,-0.2800,235.9375,-7.8125,5.1875,11.3200,-8.2800,1.3600,257.5625,-8.1250,10.3750,3.0000,-7.7800,-1.5000,265.5625,-6.6875,11.9375,0.6700,-4.2000,-0.7300,268.8750,-5.1875,13.0000,0.3100,-2.1800,-0.3300,271.6875,-3.1875,16.3750,0.4900,-3.2700,0.1000
213.3750,0.1250,-2.0000,0.5600,3.2900,1.9800,218.1250,-3.0000,-1.9375,3.1700,9.5800,0.1600,236.8125,-5.6875,0.6250,6.7300,3.2400,0.5800,269.1250,-7.5000,6.9375,6.8600,1.1800,-0.6400,297.7500,-5.3750,13.9375,5.5200,-9.3400,-0.1100,307.6250,-3.9375,13.8750,1.8600,-6.4700,0.6200,303.6250,-5.3750,11.4375,-0.0300,-0.9800,-0.8300,300.0000,-6.1875,9.8125,-0.1400,0.4100,0.0100,298.2500,-6.6250,7.9375,-0.3700,0.1800,-0.4700,297.2500,-4.8125,6.8750,2.9200,-8.3400,1.9400
137.6875,4.5000,-9.7500,1.7900,0.3400,5.1400,136.1875,3.5625,-9.5000,0.0500,-0.6900,1.0300,134.5625,2.3125,-7.1250,0.9700,10.3700,-3.1600,153.7500,-1.8750,-5.8750,4.5900,7.0000,-1.3400,191.4375,-5.3750,3.4375,9.8800,-2.9800,-1.7500,217.0000,-2.7500,11.9375,5.5700,-11.5900,0.1600,219.6250,-5.0625,11.9375,0.0100,-3.2000,-2.6400,216.1250,-5.3750,10.5625,-0.0800,-1.2800,-0.4600,212.8125,-5.3125,8.9375,-0.0900,-0.2200,0.3900,210.2500,-5.5625,6.4375,-0.2200,0.0200,-0.1200
88.7500,0.6250,-0.6875,-0.2900,-2.3300,-0.4300,87.4375,2.0000,-1.0000,-0.3800,-0.3700,-0.1800,85.9375,2.3750,-0.9375,-0.2000,-0.3900,-0.2000,85.5000,2.1875,-0.7500,0.2800,1.1400,0.4300,87.6250,1.2500,-2.9375,2.6100,8.6900,2.2300,106.2500,-2.2500,-2.9375,6.4600,5.3700,-0.2700,138.6875,-4.9375,0.0000,9.2600,0.9400,-2.3000,172.7500,-2.5000,9.4375,7.5400,-13.1800,0.1700,181.7500,-3.7500,12.2500,-0.3100,-3.1300,-1.6100,179.1250,-4.6250,9.4375,-0.9200,-0.1100,-1.0700
42.0625,-0.6875,2.0625,0.0500,-1.0800,-0.6400,41.9375,0.3125,2.1250,0.0400,0.9500,-0.7400,45.6250,1.7500,0.3750,0.5800,2.4700,-0.3500,53.5000,3.6875,-0.6875,1.5100,1.6500,-1.3400,65.8125,4.3125,-2.5625,5.3700,6.3800,-0.5200,103.5000,2.6250,1.2500,9.7500,-6.7900,0.4300,129.7500,0.5625,3.7500,2.9200,-12.3100,0.7700,130.1250,-2.1250,2.3750,-0.7100,-2.1800,-1.4300,127.3750,-3.0000,1.0000,-0.8100,-0.8800,-0.1200,125.1250,-3.1250,0.4375,-0.6100,0.0300,0.3700
10.9375,-4.1875,-3.8750,-0.2500,0.4800,-0.1600,12.3125,-3.0625,-3.6250,0.0800,-0.5100,1.1900,12.9375,-2.7500,-3.7500,0.6300,0.0600,0.2700,11.8125,-2.9375,-2.8750,1.4400,2.1600,-1.2000,16.4375,-2.3125,-3.1250,1.7200,10.8300,-1.8100,42.0000,-0.8750,-1.0625,6.3200,6.4400,-0.8800,82.9375,2.2500,-1.4375,11.1200,-9.7500,-0.4300,107.6875,4.2500,-0.8750,4.0800,-11.0400,1.3600,106.1250,2.2500,-0.9375,-1.4400,-1.8200,-0.5700,104.1875,1.6250,-0.9375,-1.0700,0.0500,-0.4900
87.0000,0.3125,2.3125,-0.0600,-0.1600,-0.1000,88.6875,0.4375,2.3750,0.7900,2.0500,0.0600,94.9375,-0.0625,2.2500,2.5200,7.4500,1.2100,111.4375,-2.0625,3.6250,5.9400,8.0800,1.7900,146.3750,-7.3750,-0.1250,8.2900,-2.4700,-1.6400,180.8125,-6.6250,3.6250,6.5800,-13.2000,-1.0000,187.1875,-5.1875,7.5625,0.9800,-6.4000,0.0700,183.4375,-7.1875,6.6250,0.5100,-1.7800,-0.3400,177.5625,-8.0625,2.8750,-0.7000,-0.8100,-0.7900,173.5625,-7.8125,-0.0625,-1.1000,-0.0900,0.2400
141.9375,-4.3125,-3.6875,-0.4700,2.5400,0.4200,138.4375,-4.3750,-4.7500,0.1300,7.5800,0.4700,146.3125,-4.9375,-4.5625,1.9700,4.3800,-0.1100,162.5625,-5.9375,-2.6875,4.0400,2.5500,0.5100,187.5625,-8.8125,0.9375,5.1700,-1.2300,-1.3700,213.8750,-7.8750,7.3125,3.3200,-6.2100,-0.8300,226.6250,-5.2500,9.7500,2.3700,-9.1900,0.9900,227.1875,-6.3125,8.1875,-0.6500,-2.3500,-0.7300,225.5625,-6.6250,7.1875,-0.3300,-0.2900,0.2600,224.2500,-6.5625,6.6875,0.0400,-1.2300,0.4400
128.2500,-1.5625,-6.0000,0.3000,-0.1800,-0.0200,127.5625,-1.6250,-7.3750,0.0400,3.7500,0.1000,133.8125,-3.1250,-6.8125,1.4600,4.3200,-0.0800,151.1250,-5.6250,-5.1250,3.5000,2.3500,0.0000,172.8750,-7.8750,-2.4375,5.0300,0.5100,-0.3900,197.2500,-7.8750,2.6250,4.3900,-2.7900,-1.9800,218.8750,-3.8125,10.5625,2.5800,-7.9100,-1.1200,226.9375,-2.5000,11.8125,0.0400,-6.7200,-0.9500,225.3750,-3.0625,10.0000,-0.2700,-2.4000,-0.1500,221.3750,-3.6250,8.5000,-0.0900,-0.2200,0.0900
96.4375,-3.4375,-1.3125,-0.6300,-0.1800,-0.4400,95.5625,-2.7500,-0.9375,-0.0100,1.7900,0.8200,97.6250,-3.5625,-0.3125,0.3300,4.5400,-0.1200,107.9375,-4.5000,-0.8125,1.8200,3.4700,-0.3500,124.5625,-5.6875,-0.5000,3.0800,2.9100,-0.7200,147.7500,-5.9375,2.3125,4.1300,1.9000,1.0600,171.0625,-4.9375,7.8750,3.8700,-9.9300,-0.2900,181.7500,-5.0000,9.2500,0.5300,-6.5600,-0.4800,182.4375,-6.1250,8.5000,-0.4700,-1.7900,-0.3600,181.3125,-6.8750,7.5000,-0.3600,0.0900,-0.2400
20.0000,-11.6875,-4.0000,-0.1500,0.7900,-0.3900,21.0625,-11.4375,-4.0625,0.5100,2.3100,0.3500,26.9375,-11.0000,-4.7500,1.7200,5.5700,-0.4300,45.0000,-10.1875,-2.6875,2.1100,4.3000,-0.5800,68.3125,-6.6875,-2.0625,3.0900,2.5000,1.1200,90.1250,-3.0625,-1.5000,3.5700,-5.2000,1.6200,101.3750,-0.6250,-0.1875,0.9600,-4.6900,1.7100,102.5000,-0.1875,0.6875,-0.7300,-1.0700,0.1500,101.5625,-0.0625,0.8750,-0.5300,0.3900,-0.0600,100.6875,0.1250,0.6875,-0.1500,0.3300,0.1200
345.6250,-4.3125,0.0625,0.4500,0.4800,0.4500,345.2500,-4.5625,-0.3750,0.0800,1.3700,0.3700,348.2500,-5.1875,-1.6250,1.1000,6.0700,2.9300,2.8750,-7.9375,-3.3125,3.0500,6.4700,0.0800,25.9375,-10.0625,-2.6250,4.0000,3.0100,-1.0700,48.9375,-10.5000,-0.6250,3.5100,-1.0200,-1.6300,65.3750,-7.8125,6.1250,2.0100,-8.2600,-0.7000,69.6250,-6.6250,8.5000,0.1600,-3.7200,0.0500,69.3750,-6.9375,9.6875,-0.7300,-0.5000,-0.0800,68.8750,-7.1875,9.3750,-0.3200,0.5300,0.0800
299.8750,-0.2500,-6.4375,-0.0100,-0.0500,-0.1700,300.6250,0.0000,-6.1875,0.2200,0.4300,0.4700,304.2500,0.0000,-6.2500,1.7000,3.9700,0.9800,315.6250,-1.7500,-6.1875,2.9700,6.8200,0.1200,336.6250,-4.9375,-5.1875,5.0200,2.7200,-0.5700,3.6250,-6.7500,-3.3125,3.8900,-2.2700,-1.9300,24.3125,-4.5000,-1.9375,2.1100,-7.6400,0.7500,35.7500,-1.4375,0.0000,1.7200,-4.8900,1.9700,39.9375,-1.0000,0.6875,-0.3000,-0.7400,0.5700,40.4375,-1.5625,1.0625,-0.4000,-0.5800,0.2000
341.4375,-0.2500,-4.7500,0.3200,0.2000,1.3400,344.0000,0.0000,-5.2500,0.4900,0.4800,0.2000,347.6250,-0.3750,-5.1875,1.6000,3.1600,0.0900,357.7500,-1.5000,-4.8750,1.9600,6.1400,-1.4500,19.3750,-1.3750,-4.0000,3.9400,2.6300,-0.1000,44.0000,0.0625,-4.5625,4.6800,-0.9400,0.7100,67.5000,1.5000,-0.8125,3.6600,-6.5700,0.6400,77.4375,2.2500,0.1250,0.9400,-5.7000,1.3300,78.4375,1.1250,0.6250,-0.7700,-1.8700,-0.5300,77.9375,0.5625,-0.1875,-1.0800,0.1000,-0.2000
56.0000,2.6875,-1.1875,-0.3800,-0.2800,0.0900,56.2500,2.6875,-1.7500,0.5100,3.3300,1.4100,63.2500,0.1250,-2.0000,2.1900,5.5300,-0.1100,79.2500,-2.3750,-1.8125,2.9200,3.4000,-0.3800,99.3125,-3.8750,-0.5000,2.7000,-1.7700,-0.9100,119.2500,-3.6250,-0.8750,1.2200,-6.6100,0.4400,127.8125,-2.7500,0.0000,0.0200,-4.4200,1.9000,127.1250,-3.6875,-0.1875,-0.6200,-0.6600,-0.4700,125.7500,-4.1250,-0.9375,-0.8200,-0.2400,-0.3400,125.4375,-4.1875,-1.3125,-0.4400,-0.1000,0.4700
102.1250,6.5625,-10.6250,-0.3200,-2.0500,-0.0200,101.6875,7.0000,-11.3125,-0.0200,0.2600,-0.0300,102.7500,6.6250,-12.0000,0.5600,5.5000,0.9700,113.5000,3.1250,-13.1875,3.1500,9.3300,-1.7600,142.4375,-4.0000,-11.5625,6.4500,0.6400,-1.3600,170.3125,-8.5000,-8.0625,4.5400,-6.7300,-0.1600,185.5625,-7.6875,-4.1875,1.6100,-8.6500,0.1100,187.9375,-6.7500,-4.0625,-0.6000,-2.6300,-0.0100,187.2500,-6.0000,-4.6250,-0.5600,-0.1600,1.0500,186.6250,-6.3125,-4.3125,-0.4500,0.2400,0.5600
205.0000,2.6875,-4.6250,-0.7100,-0.5800,-0.4300,205.9375,2.1250,-4.6250,-0.2200,-0.7300,0.1300,207.1250,0.8125,-4.1875,-0.1900,3.7000,-0.1900,216.2500,-1.0625,-2.9375,1.6100,2.6100,0.0700,233.0625,-2.6875,-2.5625,3.3800,2.0400,-1.3100,255.6875,-2.8750,-0.5000,4.4800,-2.5200,-0.1400,275.5000,-2.4375,4.0000,2.9100,-9.0400,-0.1600,277.9375,-2.6875,5.4375,0.0800,-5.0700,-0.7200,273.2500,-2.6250,4.1875,0.0000,0.1100,1.1500,270.9375,-2.8750,4.1250,-0.2200,-0.0400,0.1700
219.6875,-1.5000,-4.6250,-0.1800,0.0000,0.3800,219.0625,-1.1250,-5.1875,-0.7000,-0.3200,-0.1700,218.1875,-0.7500,-5.0625,-0.8000,3.8600,-0.5400,225.6250,-1.1250,-4.1875,1.8800,6.7900,-1.7000,244.6875,-0.8125,0.3750,4.6600,3.2400,-0.9500,271.1875,1.3750,5.6875,5.1500,-7.7500,0.3300,280.7500,1.3125,6.8750,2.1100,-7.0800,-0.7000,277.1875,-0.2500,5.0625,-0.3900,-0.4600,-0.0200,274.6875,-1.0000,5.0000,-0.2300,0.6100,-0.0800,274.0000,-1.2500,5.5000,-0.0600,0.0200,0.0700
211.1250,-3.3125,-6.6250,-0.2000,-0.0800,0.0000,211.7500,-3.4375,-6.5625,-0.2400,2.3900,0.0700,218.0000,-4.6250,-5.5625,0.6600,4.4800,-0.3200,232.9375,-6.6875,-1.8750,2.6700,3.2500,-0.7200,253.1250,-7.3125,4.1875,4.5100,0.2000,-0.5100,275.6875,-5.5000,10.5000,4.7300,-5.4800,-0.3800,287.3750,-4.1250,14.0625,0.6600,-10.7000,-1.2600,283.1250,-5.3750,13.0000,0.0900,-2.2000,0.5100,277.5000,-7.0000,11.6875,0.0100,0.6000,0.0900,272.8750,-7.7500,10.1250,0.5000,0.3900,-0.0200
203.8750,-2.0000,-5.8125,-0.3900,0.2700,0.6900,207.5625,-2.8750,-4.8750,0.3100,7.6300,0.2000,220.0000,-4.8125,-1.0625,3.5400,7.4900,-1.7200,243.6875,-4.1250,4.3125,6.5200,-4.6800,2.1700,267.0000,-3.4375,7.7500,4.2200,-13.0800,0.8500,272.3750,-5.1875,8.1875,-0.0100,-5.1000,-1.2800,271.0000,-5.6250,7.6250,0.0000,-3.1500,-0.9700,266.6875,-4.8750,7.3125,0.7300,-2.8200,-0.5700,259.8125,-5.0625,4.6250,-0.2700,2.7000,0.2400,256.8125,-4.8750,4.0625,-0.1400,0.8100,0.5200
204.6875,-4.5000,-2.8125,-0.1100,-0.7300,0.4000,204.8750,-3.8125,-2.7500,-0.4900,3.5700,0.7200,212.1875,-5.0625,-1.9375,0.0900,5.5100,-0.2500,227.5625,-5.4375,3.3750,3.5100,1.1800,0.7400,246.3750,-6.5000,7.5000,3.9900,1.0300,0.0000,268.5000,-6.3750,13.1250,6.2500,-5.9300,-0.8800,284.7500,-4.9375,18.4375,2.7800,-9.1400,-3.0500,287.9375,-4.5625,17.9375,0.5900,-6.0500,-1.6000,282.6250,-5.4375,14.8750,0.7700,-4.3800,-0.9500,273.3750,-5.9375,12.4375,1.3400,-3.0700,-0.2800
158.9375,-2.0625,-3.1250,-0.2800,0.5500,0.5700,159.3125,-1.7500,-1.9375,0.1000,3.1800,0.1900,168.1875,-3.6875,-0.5625,1.5700,7.4700,-0.6700,189.1250,-4.8750,4.2500,3.9000,2.4700,0.3500,214.6875,-5.2500,8.5000,3.1100,-5.2000,-0.3800,230.7500,-5.3750,6.7500,2.0900,-5.3200,-0.7700,236.8125,-3.9375,8.9375,0.8200,-5.1100,0.2800,236.3750,-4.0625,9.4375,-0.1100,-3.1500,-0.2400,231.9375,-4.4375,8.3125,0.4500,-3.9300,-0.2100,222.3125,-4.7500,6.0000,0.5300,-1.1900,0.2300
92.0625,-1.1250,-0.2500,-0.4500,0.6800,0.7700,92.1875,-0.9375,0.2500,0.2200,2.0300,0.8100,95.6250,-1.4375,0.6250,0.6500,4.4200,-0.7600,107.0000,-1.7500,1.4375,1.6000,2.4800,-0.6000,123.6875,-1.6250,4.0000,3.2100,0.2200,0.5500,141.5625,-1.1875,6.8750,2.5200,-4.4600,0.5800,154.0000,-0.8125,8.5625,0.3200,-4.7400,0.2300,156.3750,-1.1250,9.0625,-0.8600,-2.5500,-0.5600,155.6875,-1.0625,7.5000,-0.5700,-2.4000,0.3900,150.1250,-1.0625,5.3750,-0.0700,-2.5000,0.2100
355.3750,-0.5000,-0.5000,-0.0400,-0.2900,0.7400,355.6875,-1.6250,-1.0625,0.5300,3.4900,0.3300,1.1875,-1.8750,-1.1875,1.1800,4.4300,-0.3400,13.0625,-1.0625,0.0000,2.0100,2.7200,-0.3800,30.5000,0.6250,2.3750,2.8400,-0.2200,-0.5600,49.2500,3.0000,2.8750,2.7900,-3.8800,0.3200,63.0000,5.1250,2.8750,1.4000,-5.3700,0.7400,68.6875,6.2500,2.3750,-0.0600,-3.6700,0.5600,67.9375,6.3125,1.6250,-0.0200,0.3600,1.4300,65.5000,5.3750,2.9375,0.3300,0.0300,0.0000
329.5625,5.2500,-17.9375,-0.2100,-1.0800,0.5300,322.9375,4.3750,-16.8750,0.2300,3.1900,-1.8800,322.8750,2.1250,-16.1875,1.0300,4.9800,-2.9800,333.5000,0.3125,-16.9375,2.0900,3.6100,-1.6600,353.4375,-2.7500,-14.4375,3.7700,2.2800,-0.2800,14.3125,-5.2500,-10.5625,4.7100,2.0300,0.6900,35.1875,-6.8750,-3.7500,3.4400,-3.4700,0.2100,49.5000,-6.1250,2.0625,2.2200,-7.9200,1.8000,52.3750,-6.2500,6.5000,-0.1000,-3.1200,-0.1500,49.9375,-6.1250,4.1875,0.3000,1.4500,1.6300
306.1250,-1.6250,-12.6875,0.7500,-1.2700,1.3800,307.2500,-1.7500,-12.5625,1.2800,2.1500,0.7200,312.9375,-4.3125,-12.3125,2.0700,6.6000,0.3700,332.0625,-9.4375,-6.1875,2.4900,-1.2200,-3.5700,352.1250,-9.6875,-6.1875,3.1200,0.2100,-0.9100,10.7500,-7.6250,1.0625,2.1200,-8.6800,1.7900,17.5000,-6.9375,2.7500,0.3500,-4.6100,0.6700,17.6250,-7.5000,4.1875,-0.3100,-1.5500,-0.7500,16.4375,-7.5625,3.3125,-0.0600,0.1900,-0.0100,16.9375,-7.1250,2.0625,-0.2700,-0.4900,-0.3500
338.7500,-3.8125,-8.3750,0.1700,-1.6800,0.1300,339.1250,-4.5000,-9.6250,0.6200,8.3000,-2.6500,352.6875,-4.6250,-7.9375,3.5600,2.7400,1.0600,11.8750,-5.0000,-6.2500,3.6400,0.2000,-0.8000,34.5625,-3.6250,-4.2500,3.5700,-1.1800,1.3600,51.9375,-2.1875,0.0625,2.4300,-1.9000,0.2400,63.8750,-0.8125,5.8125,2.2400,-4.7900,-1.3000,69.3125,0.6875,13.3125,-0.2700,-7.2600,-0.7600,64.8750,0.4375,12.2500,0.5300,-0.6500,-0.3300,58.6875,-0.1875,8.3125,0.3500,0.8300,1.3600
76.4375,-2.5625,0.1250,-0.0700,4.1900,0.6300,79.8750,-1.8125,0.7500,1.3300,5.6400,1.3400,91.3750,-1.0000,3.9375,0.8100,-0.6600,0.0900,103.3750,0.0000,6.5000,0.8900,-2.3200,0.4300,114.3125,1.0625,9.0000,-0.0400,-2.2500,-0.7200,119.3125,1.8750,9.2500,0.1700,-2.8900,-0.3200,120.1250,1.7500,8.0625,-0.3800,-2.2800,-0.7100,116.1875,0.8125,6.6875,-0.7300,1.3900,-1.1500,112.1250,0.3750,4.9375,-0.3500,1.0600,-0.1400,108.4375,0.8750,3.3750,-0.3300,0.8200,0.5900
130.0000,-3.7500,4.6250,-0.3100,-0.0300,0.5400,135.5625,-4.3125,3.5000,-0.5100,0.1300,0.2600,142.8750,-4.7500,2.1250,-0.2500,2.1700,-0.2400,152.3750,-6.0000,0.6875,0.6000,2.3100,-0.5300,165.0000,-6.6875,1.7500,0.5200,-1.7400,-0.4800,175.3750,-6.9375,3.5000,0.2600,-4.6800,-0.2500,179.1250,-7.0625,3.3125,-0.2600,-3.0100,-0.0200,179.7500,-6.8125,2.5625,-0.5300,-1.1000,0.0800,179.5000,-6.5625,2.8750,-0.4600,-0.7500,0.5500,178.7500,-7.0625,3.0000,-0.6000,-0.3800,-0.4000
161.2500,-3.6875,-1.4375,0.6100,2.0400,0.3500,169.8750,-5.8750,-0.5625,0.7800,1.8000,-0.7100,181.7500,-7.1250,0.9375,1.4200,0.2400,-0.2700,196.1875,-7.5625,3.3125,0.9400,-3.7800,-0.0400,207.6875,-7.3125,5.6875,-0.1200,-5.6900,-0.6900,209.0625,-7.0625,5.2500,-0.2200,-3.9200,-0.5300,206.1250,-6.7500,4.0625,-0.9000,-0.3200,-0.2400,203.9375,-6.6875,3.5625,-0.4300,0.7300,0.4600,205.1875,-6.8750,3.6875,-0.3500,-0.3000,-0.0900,206.3125,-6.8750,3.5000,-0.5200,-0.4600,-0.1900
117.8125,0.6250,-5.5000,-0.0700,1.0000,0.2700,120.5000,-0.1250,-5.0625,0.2300,3.1100,-0.2900,129.8125,-1.3750,-4.3125,0.6100,2.5800,-0.7200,143.6250,-1.7500,-2.5000,0.8000,0.3100,-0.8100,158.5625,-1.1250,-1.0000,1.0800,-2.3100,0.1900,169.9375,-0.1250,0.3125,0.7700,-3.8800,0.6800,174.1875,0.5000,1.6250,-0.3000,-2.9500,0.4600,173.4375,0.8125,1.8750,-0.7200,0.0700,0.4300,173.2500,0.5625,2.3125,-0.2700,-0.5600,0.3400,172.8125,0.0000,2.3125,-0.2700,-0.0800,0.1900
66.0625,-4.3125,-4.6875,0.2200,0.5300,-0.1200,69.6875,-4.1250,-4.3750,0.0300,-1.2400,0.2300,72.1875,-3.7500,-3.9375,-0.3600,-0.8400,-0.0800,73.6875,-3.3125,-3.8750,0.2000,2.8300,0.2500,79.2500,-4.1250,-3.2500,1.7400,8.7900,-0.7900,97.6875,-4.1875,-0.8750,4.8100,3.8500,0.3000,124.4375,-3.1250,2.1250,5.6000,-3.4000,0.4200,146.6250,-0.1875,3.8750,2.4200,-10.1400,1.9500,147.6250,-0.4375,5.1875,-0.2300,-2.2300,0.4900,145.1250,-1.6875,4.0625,-0.5000,1.1200,0.4900
148.1250,1.3750,-1.2500,-0.3000,0.9000,1.1400,151.6250,0.3125,-0.6250,0.6400,3.2800,0.1000,161.8125,-1.5000,-0.6875,1.2700,3.8900,-0.2400,178.8125,-2.5625,-0.8750,2.5500,1.6500,-0.9700,197.8750,-2.3750,1.5000,2.0700,-3.8500,1.3500,213.7500,-2.2500,3.0000,1.3600,-4.3500,0.6200,223.0000,-1.8750,5.0000,1.2800,-6.8900,0.2600,224.1250,-2.6250,5.3125,-0.3900,-2.7100,-0.8000,222.6875,-3.0625,4.8125,-0.3800,-0.9600,-0.4000,221.5625,-2.6250,4.9375,-0.3900,-0.5200,0.2000
132.1875,-0.0625,-0.5625,-0.5100,-0.4800,-0.2100,130.8750,0.1250,-1.3125,-0.0700,4.3300,1.2500,137.8750,-1.5625,-1.8125,2.1200,7.5200,0.0400,156.8750,-2.1875,0.9375,3.2400,1.6900,-0.8500,178.3750,-1.3750,3.8125,3.0700,-0.7100,-0.9600,194.6250,-0.2500,5.0625,2.1100,-7.3300,0.1000,200.9375,0.1875,5.8125,0.0400,-4.9900,0.0100,201.3750,-0.1250,5.8750,-0.3700,-2.5300,-0.6000,199.8750,-0.0625,5.8750,-0.4000,-0.9500,-0.0500,198.6250,0.0625,6.0000,-0.5700,-0.3600,0.1000