163.4375,-3.8125,-2.5625,-0.1500,0.2800,2.2500,162.1250,-11.2500,-2.8125,0.6400,-0.4400,12.2700,158.9375,-40.7500,-5.1250,3.7300,-1.5300,-2.7600,154.5625,-63.7500,-19.1250,12.2900,-0.6900,-20.1100,159.1250,-31.3125,-0.6250,14.2800,-4.4300,-10.6400,160.9375,19.0625,-1.3125,10.3500,-0.3800,28.0100,161.9375,17.4375,-1.8125,-2.6900,1.2200,1.9500,161.0625,9.6250,-0.5000,-0.3400,-0.2500,-2.8600,161.1250,7.7500,-1.1250,0.7800,-0.6700,-2.4000,160.4375,10.2500,-2.1875,0.5000,0.1800,1.1000
160.3125,-25.6250,1.0625,1.2400,-0.2500,-1.7600,159.0625,-33.6875,-0.5000,2.9200,-0.2100,-4.5600,159.3750,-22.5625,1.3750,5.5900,-1.6000,-16.2700,160.7500,20.3125,1.1875,19.5100,-5.0300,8.1000,163.4375,38.5625,6.3125,-4.3500,-0.4400,8.3100,163.9375,40.1250,7.4375,-4.1600,0.3600,0.1900,161.1875,38.9375,4.5625,0.8200,0.4000,0.9000,160.2500,35.0625,1.2500,1.2600,0.0100,0.0500,160.8750,29.3125,-0.1875,-0.3400,-0.8300,0.2000,160.6875,22.0000,-1.6250,0.0000,-0.1300,0.5900
161.7500,-30.6250,2.0625,2.7400,1.3500,-5.2600,166.5000,-20.6250,3.0000,7.8600,3.1800,-17.2300,173.3750,25.6875,-1.1875,24.7600,-2.8300,11.2900,176.6250,42.8125,-1.1875,-8.8800,2.0500,8.6600,176.3125,38.1875,0.7500,-1.9700,0.0000,-2.2300,175.2500,35.7500,1.3750,1.0400,0.0200,-0.7300,170.5625,34.1250,0.7500,-0.8800,-0.0400,0.9400,166.3125,31.1250,0.3750,-0.3700,0.6700,2.0100,164.8125,24.6875,0.5000,0.6300,-0.1400,0.8700,164.0000,15.5625,0.3750,1.0700,0.1700,0.7500
154.2500,-36.7500,-1.5000,2.7900,-0.5100,-1.3700,148.4375,-46.7500,-3.7500,5.4600,1.7700,-13.7500,148.3750,-18.2500,3.0000,11.6400,2.0200,-17.5100,149.0625,26.7500,-2.6250,5.8300,-1.1400,18.6100,149.0000,32.8750,1.2500,-4.8200,2.6400,4.4800,148.0000,30.7500,1.6250,-1.0800,0.0300,1.5600,148.4375,25.8750,1.0000,0.2900,-0.5300,-0.4300,147.9375,21.1250,0.1875,0.6100,-0.1500,-0.9400,147.1250,18.4375,-0.6875,0.0600,-0.0200,-0.2600,146.3750,16.0625,-0.3125,-0.1600,0.3700,0.2500
144.6250,-40.0625,1.7500,4.0200,-1.2100,-2.9600,144.6875,-48.2500,0.8750,1.3300,0.7200,-14.1600,146.8750,-21.2500,2.7500,7.0500,0.5300,-12.2700,145.1250,24.1250,2.2500,22.6300,-1.5600,23.6200,146.7500,29.1250,3.6250,-2.5700,-2.4200,4.7400,145.6250,29.5625,2.0625,-1.5600,-0.4500,2.3700,146.5000,27.0000,0.2500,-0.1400,-0.0800,0.2100,147.7500,23.1875,-0.0625,0.2300,-0.0900,-0.2200,147.4375,18.8750,0.5625,0.3500,-0.2200,0.3900,145.4375,13.9375,1.0000,0.1600,0.2500,0.0300
131.1875,-52.0625,-3.1250,5.0800,0.2300,-4.6800,127.1250,-58.5625,-7.3125,3.9100,-0.2800,-7.1300,128.3750,-39.5000,-0.4375,4.7800,-0.1900,-12.3100,130.9375,7.3750,0.3750,16.8100,-5.8300,1.6800,135.5000,30.5625,8.0000,-2.0800,-2.4200,7.2200,137.5000,30.4375,7.7500,-3.9400,1.2400,0.9700,137.5000,29.6250,5.2500,-0.2100,0.0900,1.8600,138.1250,26.6250,2.9375,0.3300,-0.5400,0.0300,138.6250,22.8125,1.3125,0.7500,-0.1300,-0.7300,139.5000,20.1875,0.8125,0.2700,0.3500,-0.4700
148.1250,-1.6250,0.5625,1.4700,-1.6300,11.4400,150.9375,-28.6250,4.4375,4.3100,-2.2900,0.3400,152.6875,-53.8125,0.4375,6.4700,-1.2200,-16.1300,153.0000,-33.5625,3.3750,11.5700,1.9500,-15.9600,153.0000,24.5625,3.5625,34.4600,5.0500,30.3800,156.4375,32.0000,5.1875,-3.1300,-0.2800,4.6100,152.5000,29.6250,3.2500,-1.8700,0.4700,0.4000,151.6250,25.4375,2.3750,0.2500,0.2100,-0.0200,151.5625,20.8750,2.3125,0.3600,0.2900,0.5600,150.8125,15.2500,2.6875,0.6800,-0.2900,0.6200
151.4375,-8.1250,-3.7500,0.8500,0.9200,9.4900,151.8750,-35.1875,-3.0625,4.8400,-0.7800,3.4300,148.0000,-68.8750,-17.2500,6.9600,-0.4900,-6.3100,142.1875,-77.9375,-58.5000,9.2600,-0.0600,-12.9200,144.0000,-50.7500,-1.2500,14.2100,-2.7100,-12.7400,149.1250,13.5625,0.3125,31.7400,0.2200,29.7200,152.4375,20.6875,0.3125,-1.8100,0.4500,5.4400,152.5625,12.2500,0.3125,-1.2500,0.9900,-0.2400,152.3125,4.8125,-0.8750,-1.0900,-0.0200,-3.1300,151.6875,3.6250,-2.5000,1.7200,-0.7700,0.1700
150.1250,0.0000,-5.0000,1.8000,1.1600,16.1000,149.5625,-35.8125,-4.5000,7.9000,-2.2900,3.3300,145.4375,-75.6250,-36.5000,12.3300,-2.3700,-6.6900,138.5000,-77.6250,-85.1875,12.0300,0.8200,-14.3700,144.3750,-50.0625,-9.4375,11.5900,-6.7300,-4.2700,145.0000,-1.0000,-3.1875,6.8600,0.0300,27.1600,146.2500,-0.8750,-1.3750,-1.8500,1.6800,1.5000,147.0000,-4.3750,-1.2500,-0.1900,-0.1700,-2.5600,148.3750,-2.9375,-1.3125,0.1000,-0.3800,-0.5900,149.3125,0.0000,-0.5625,-0.6200,0.2600,0.3500
152.1875,9.5625,2.8125,1.5200,-2.0800,8.4000,150.3125,-15.8125,4.3750,6.1600,-2.3400,5.1200,145.3750,-53.1250,-3.2500,8.6000,0.8300,-8.3700,140.2500,-65.6875,-14.9375,7.0900,0.1300,-18.0800,147.5000,-24.4375,2.5000,11.6100,0.1000,-12.8700,149.0625,28.1250,4.7500,19.9900,-0.5600,30.3500,151.3750,32.3750,5.8750,-2.6100,1.3400,5.7000,150.7500,23.5625,4.4375,-1.1300,0.4300,0.9100,151.6250,15.6250,2.3750,-0.3400,-0.6000,-2.4500,152.4375,12.6250,1.9375,0.9400,-1.0700,0.0000
161.1875,-32.5000,-3.8125,3.4800,-2.3100,5.9800,157.5625,-71.1250,-24.1250,8.7600,-1.3300,-7.2900,152.6250,-77.4375,-66.2500,7.0100,1.4500,-12.8700,158.5625,-52.9375,-8.1250,11.0900,-0.3200,-11.4500,161.8750,5.0000,0.1250,24.3000,2.1400,21.1000,163.3125,16.8750,2.3125,-3.5300,-0.2600,8.1100,160.9375,10.7500,-1.6250,-1.2700,0.6800,-0.8100,158.8750,6.7500,-2.5625,0.0700,-0.2000,-2.3700,157.1250,7.8125,-1.1250,0.3600,-0.5700,-0.6500,154.6250,10.6875,-0.2500,-0.0200,-0.9100,0.5600
144.6250,6.9375,-2.6875,2.8100,0.7900,10.8300,142.3750,-19.9375,-4.8125,8.4800,-0.0100,0.4100,139.0625,-52.5625,-11.6875,8.0900,-1.1700,-6.9700,135.2500,-60.5000,-15.1875,3.7900,-0.0400,-16.4100,142.1250,-19.0625,-1.5000,11.4200,-4.4300,-5.4800,145.0625,15.5625,0.1875,2.5300,-2.5600,15.8800,146.4375,15.4375,3.0625,-3.6700,1.1000,-0.4500,144.6875,15.7500,1.3750,0.1700,0.1700,-0.9000,144.5625,17.9375,0.2500,0.7300,-0.2800,-0.3000,145.8750,20.0000,1.2500,0.1200,-0.2600,-0.1100
150.0625,14.8125,0.5625,1.7400,-1.1400,3.8500,150.4375,-9.0000,3.3750,5.5700,-1.2200,2.8200,148.3750,-38.3750,-0.4375,4.6400,0.5300,-8.6400,145.3125,-45.6250,-4.1875,6.5800,-0.5800,-15.7300,147.5000,-4.8125,-0.4375,11.1500,-2.8500,-8.8700,146.0000,35.9375,1.6250,3.2100,2.8900,15.5700,148.6875,40.6875,8.3750,-7.7900,1.9800,2.1800,146.5000,42.7500,9.0625,1.0200,0.8400,4.0700,147.9375,38.5000,4.5000,1.4300,-0.2200,1.6900,149.2500,30.3125,0.6875,0.7000,0.0000,-0.6700
153.4375,-6.0625,1.9375,0.8200,0.2800,2.7800,152.8750,-22.6250,2.8125,2.7200,0.6500,-2.7200,153.3750,-22.4375,2.3750,5.9600,1.4800,-18.8000,156.0625,17.9375,0.1875,13.5500,-6.5800,-0.5000,158.2500,41.6250,3.6875,-4.5400,-1.2300,9.7900,160.0000,41.3750,4.5625,-3.8100,0.3000,1.4700,160.1875,36.8750,2.1875,1.3300,0.2500,1.0500,159.3125,30.1250,1.8125,0.3500,-0.3700,1.1300,156.6875,21.4375,0.7500,0.8400,-0.5900,0.8100,155.0625,9.6875,0.5000,1.2500,-0.3400,-0.4900
152.2500,-4.1875,3.2500,1.7700,-2.3500,5.9000,148.8125,-23.6875,3.9375,3.4500,-0.9100,-1.3900,144.2500,-37.8125,-1.7500,2.2900,0.6900,-19.2400,143.8750,-9.5625,3.3750,6.8000,2.1700,-13.4400,143.7500,37.3125,2.7500,7.5700,2.5600,18.8600,147.9375,42.5625,4.0000,-4.8400,1.1600,1.8900,148.8750,39.5000,2.4375,-0.4800,-0.6300,1.1000,148.1875,33.3750,0.3750,0.1300,0.0300,0.8800,148.4375,25.4375,-0.3750,0.2700,0.1400,0.2200,150.0625,16.6250,-1.3750,0.2200,0.6800,-0.2900
151.5625,-7.3750,-0.1875,3.5500,-1.2700,7.4700,149.7500,-32.9375,-0.5625,3.9000,-0.6900,-5.1500,147.9375,-37.0000,-0.8125,4.6400,0.6500,-18.6400,152.2500,3.0000,2.3750,9.3300,-2.6300,-3.4900,151.6250,40.4375,3.8750,4.1000,1.0800,16.5300,151.8125,43.6875,4.4375,-5.8200,1.7100,1.5900,151.6250,40.5000,3.3750,1.6800,0.7200,3.5200,152.3750,30.7500,1.8125,0.0700,-0.3400,0.9300,152.2500,18.6250,-0.8750,1.5900,0.0400,0.5400,152.8125,5.8750,-1.7500,1.2900,0.2900,-2.3400
154.5000,-15.8125,2.3125,3.4000,-0.0200,5.1800,153.8125,-44.2500,0.6250,4.1100,2.3400,-9.0400,157.5000,-49.3750,1.0000,5.8600,1.3900,-18.0200,165.6875,-1.3750,3.2500,14.9300,0.1300,-1.4400,164.2500,33.0625,0.6250,-3.1900,0.4000,13.3100,162.0625,34.6875,4.0000,-6.1700,2.4600,1.3300,158.5000,33.0625,3.6250,0.7000,0.6600,1.7100,158.9375,29.2500,3.5000,0.4100,-0.6500,0.6800,158.2500,22.9375,2.7500,0.6700,0.1600,0.8600,156.8750,15.0625,2.5625,0.5100,0.1300,0.1100
151.4375,-15.6250,1.8750,2.6300,-1.0000,5.2400,149.5000,-41.6250,-1.8125,4.9100,-0.5900,-2.4300,145.5625,-58.9375,-11.8750,4.5200,0.2600,-14.2700,147.3750,-31.5625,0.6250,7.8900,0.3700,-13.3100,148.5000,19.5000,5.6250,34.0400,1.3300,30.0800,151.4375,27.3125,6.8750,-3.4100,2.0500,2.9400,149.6250,24.9375,3.3125,-1.9700,-0.3000,-1.6900,148.7500,24.6875,0.2500,2.3900,-0.3900,0.7500,149.3750,22.3125,0.6875,0.8200,-0.3900,-0.6300,149.5000,19.8125,0.8750,0.6700,-0.0200,0.2100
144.3125,5.4375,-1.6875,1.1900,0.4100,10.7200,143.7500,-20.5625,1.1875,9.4400,-3.4800,5.7300,139.1875,-61.0000,-8.4375,11.7300,-1.0000,-15.9200,135.3125,-56.0000,-10.1875,8.5100,0.4000,-14.2800,141.7500,-2.6250,-2.9375,12.3300,-5.1400,3.1800,145.9375,24.8750,-0.3125,2.6200,-2.6800,14.3600,148.8125,22.0000,-0.5000,-2.8900,-0.2100,-1.2700,149.7500,18.6250,-2.4375,0.8600,-0.5300,-0.8400,151.1875,17.7500,-2.3750,0.9900,-0.3600,-0.5600,152.5000,17.8750,-1.5625,-0.2400,0.0300,-0.5900
156.3750,13.3750,-3.1250,1.7100,1.7600,5.8900,156.6250,-4.3125,-2.6250,5.7800,-0.9500,12.1900,153.1875,-43.8125,-4.0625,10.5900,-0.5500,-12.0400,147.8750,-58.1875,-10.2500,6.5600,0.9300,-17.8200,156.0000,-21.0625,0.2500,11.4900,3.4400,-2.8300,155.8125,28.6250,0.3125,8.4400,1.3400,21.1600,156.3750,31.0625,0.3125,-5.0600,1.4400,1.5000,155.6250,27.3125,-0.4375,-1.0800,-0.3800,0.0800,156.0000,23.1250,-1.0625,1.2000,-0.5300,0.6300,155.8125,17.3750,-0.1250,0.8700,-0.1900,-0.6700
148.6250,-7.0625,1.8750,3.2400,-2.2200,8.1100,145.6875,-39.3125,-2.4375,6.8300,-1.7500,-2.2100,142.5000,-60.3125,-14.5625,4.2200,-0.4900,-14.4300,146.3750,-40.2500,-3.1250,7.2900,-0.5400,-13.2000,149.3750,8.1875,2.9375,23.6200,-1.0300,14.9500,151.1250,31.1875,4.9375,0.4500,1.7000,8.6700,150.3125,29.8125,3.2500,-3.2500,-1.2200,1.5600,149.9375,24.8125,1.9375,0.1900,-0.0700,1.1500,150.4375,16.7500,0.9375,0.9700,0.0600,-0.4400,150.0625,9.9375,-0.3125,1.1800,0.0000,-1.0800
149.4375,-8.8125,-1.4375,3.5900,1.0000,6.1000,146.5625,-44.3125,-5.8750,7.6900,-1.1900,-3.5300,140.8750,-64.8125,-22.9375,3.0900,-0.7400,-15.9100,145.0625,-47.5000,-11.2500,5.7300,-1.7000,-10.6900,147.1875,-2.7500,-1.8125,13.8500,-8.3100,3.6400,146.5625,26.0000,0.8750,2.4500,-0.2800,11.5800,147.5000,25.5625,1.9375,-1.6000,0.0300,2.1400,148.1250,20.6250,1.2500,0.6700,-0.3200,0.2600,148.5000,15.3750,0.7500,0.5700,-0.1200,-1.3500,147.9375,12.0000,-0.8125,0.0300,0.5000,-1.1700
155.0625,1.8750,-1.5625,4.3400,-0.7400,14.2600,153.9375,-34.0000,-1.1250,8.5600,-1.2300,-1.6700,151.4375,-66.1875,-17.0000,7.1600,0.7800,-18.3000,157.4375,-43.6875,-4.1250,5.5600,-1.0700,-12.8800,158.0625,6.0625,5.1875,15.5200,-10.6400,6.2100,159.4375,25.5000,2.4375,1.8600,-4.1100,10.5900,157.0625,22.7500,0.6875,-1.3100,-0.4800,0.2500,155.4375,19.5625,0.9375,-0.1400,-0.0700,-1.1900,154.1250,18.5625,1.0625,0.0000,-0.5800,-0.6600,151.4375,19.2500,0.6250,0.4100,0.0900,0.3900
145.0000,5.8750,-0.5625,3.9300,-0.4000,10.3700,143.5000,-28.0000,2.1875,7.1600,-1.8400,1.1000,137.5625,-62.0625,-13.0625,6.8800,0.1500,-13.3100,138.8125,-59.1250,-15.0000,8.4600,-1.9500,-13.9700,144.9375,-9.3125,-0.9375,9.7100,-7.2600,-9.6500,143.6250,23.9375,2.6875,3.1900,0.3900,15.3400,143.1875,23.0000,1.0625,-3.5500,-0.0400,0.7800,143.3750,18.5625,0.0625,1.7200,-0.5700,0.7200,144.1875,13.7500,0.3125,0.8400,-0.4800,-1.8000,145.1875,11.0625,0.5625,0.4400,0.4700,-1.9000
154.7500,5.4375,2.3750,4.2800,-1.6400,7.7100,153.7500,-24.2500,1.7500,6.5100,-0.7800,-1.8800,153.5000,-53.4375,-6.3750,5.6100,-0.3200,-11.8900,150.5625,-49.3125,-7.5625,6.9100,3.7300,-15.6900,153.5000,0.6250,0.4375,9.9100,-7.5300,-2.2600,155.2500,30.6875,5.0000,2.1500,-2.4400,11.6500,156.0000,31.0625,3.7500,-2.4700,0.3500,1.9900,155.8750,26.2500,2.5000,0.9200,0.1100,0.9000,156.1875,19.8750,2.7500,0.8200,-0.5600,-0.2100,155.1250,12.9375,0.9375,0.5600,0.1800,-0.5500
153.5000,10.5625,-1.3750,4.4800,1.5000,13.8800,153.6250,-21.3750,1.9375,9.3000,-1.1300,0.5100,151.8750,-57.5625,-8.3125,8.9200,-1.9200,-17.8300,152.8750,-46.4375,-4.3750,6.1900,0.4600,-14.2100,155.8750,7.6250,2.8750,19.5300,-6.7900,10.6700,156.2500,30.7500,5.6250,2.7300,0.4700,12.4900,155.5625,28.2500,4.6875,-3.9100,0.1100,0.9100,155.5625,23.0625,3.0625,0.2700,0.1800,0.6600,156.0625,17.4375,1.9375,1.0400,-0.4900,-0.3700,155.5000,11.5000,0.5000,0.4600,-0.1100,-0.5600
165.1250,7.0625,2.1250,4.0100,0.2100,9.5500,167.0625,-19.1250,7.1250,5.7600,-1.9200,0.9900,165.3750,-50.0625,0.3750,7.2000,0.0500,-18.7800,166.0000,-34.7500,0.8750,7.1000,1.1600,-14.6100,169.3750,14.3750,4.0625,19.2300,-3.8300,12.5300,170.0625,33.7500,5.3125,-2.3300,1.1200,9.3100,167.1250,31.3125,5.8750,-2.4200,0.5700,2.0900,165.2500,23.1875,4.8750,0.6300,-0.3100,0.7100,163.9375,14.3750,3.6875,1.3800,-0.1600,-0.5400,161.1875,6.3750,2.6250,1.3300,-0.3800,-0.7400
151.1250,9.3125,0.6250,6.1900,0.3800,12.8800,148.6250,-29.3125,0.6250,10.0400,-1.9100,-2.1900,143.1250,-60.4375,-14.4375,7.5700,-0.9900,-15.3100,140.9375,-44.8750,-8.0000,7.6300,-1.4800,-13.2200,143.4375,9.5000,4.1250,15.4200,-8.4500,0.9700,146.6875,27.8125,9.8750,0.9300,-1.3100,12.2300,147.3125,20.5000,4.6875,-0.8900,-0.4300,-0.4900,147.6875,12.0625,1.3750,2.0600,-0.4600,-0.6800,149.3750,5.3750,0.4375,0.9700,-0.0300,-1.4200,151.6250,1.5625,0.7500,0.5200,-0.2100,-1.4400
156.1250,5.6875,-0.1875,4.3300,0.6200,9.1300,154.0000,-24.8125,1.4375,7.3800,-2.4700,0.3000,150.4375,-57.1250,-11.5000,5.8600,0.4000,-15.6500,147.6250,-45.7500,-6.4375,8.2800,-0.8900,-14.6100,150.6875,2.6875,2.6875,15.2300,-8.6200,0.7400,152.0625,28.5625,9.6250,-0.5000,-2.0100,8.4700,149.8750,27.5625,6.3750,-2.4400,0.5500,1.4200,149.8125,21.6875,4.1250,0.4600,0.7400,1.2000,152.5000,13.3125,3.0000,0.9800,-0.1900,-1.2800,154.2500,6.4375,0.8125,0.5200,-0.3000,-1.8000
146.1250,-4.2500,-0.8750,1.1800,1.2700,7.0600,144.8750,-21.0000,1.3125,4.2200,-2.0500,7.5200,139.9375,-54.6875,-4.0000,7.2600,0.6800,-7.8700,132.0625,-65.7500,-11.0000,5.1800,0.6100,-18.0400,139.1875,-29.7500,-1.8125,6.1300,-0.3600,1.0400,139.1250,6.8750,0.3125,2.1800,-1.7900,13.8300,138.8125,6.8750,-2.2500,-1.1800,2.5000,-0.7200,138.5000,6.6250,-2.6250,1.1800,1.4900,-0.6400,142.4375,8.0625,-2.1875,1.0000,0.4800,-0.4300,147.5000,9.5000,-2.6250,-0.0100,0.0400,0.8600
158.7500,-8.4375,-6.5000,7.3300,-0.5200,11.4400,157.6875,-48.1875,-10.2500,9.2400,0.6400,-0.7200,155.2500,-81.5000,-63.5625,8.3800,-2.9800,-16.7800,155.5625,-75.7500,-34.8750,10.0700,-1.8000,-14.9400,157.3750,-27.5000,-0.5625,13.5800,-8.3300,3.6200,158.6875,0.6250,-7.0625,-2.2100,-0.5900,11.0600,157.3750,-1.0625,-8.3750,-1.6400,0.7600,0.1800,156.5000,-2.8750,-9.6250,0.4300,-2.2300,-1.2900,154.9375,-1.7500,-12.3750,0.0100,-0.8300,0.1900,152.8125,-0.1875,-13.0000,-0.3800,-0.4700,0.3900
151.3125,-6.2500,-14.3750,3.0900,0.6700,11.5600,149.5000,-34.2500,-14.9375,8.0200,-0.3800,5.7200,145.3125,-74.6875,-43.1250,11.6800,-2.9300,-15.8000,143.8750,-75.8125,-57.2500,11.9100,0.3100,-14.7000,144.3125,-38.1875,-12.1875,8.8100,-0.8900,3.6000,143.3750,-8.6250,-13.3750,-1.7300,5.9900,12.2200,142.3750,-8.9375,-8.8750,-1.1700,1.3400,-0.6200,141.1250,-8.6875,-10.6250,0.2100,-0.7500,-0.1800,140.8125,-7.2500,-12.0000,0.1600,-0.3600,-0.2200,141.3750,-5.5000,-12.3750,-0.0100,0.0800,0.3800
143.6875,-3.5000,-8.5000,0.2400,0.0100,-0.0800,143.1875,-2.8125,-8.7500,0.5100,-0.0200,0.9300,143.3750,-6.6250,-6.8750,0.8600,1.1500,10.5600,143.4375,-34.1875,-6.8125,5.6300,-2.2300,3.8400,139.0000,-67.4375,-25.2500,9.0100,-3.6200,-7.0100,129.5000,-71.4375,-49.6875,9.2200,-1.4100,-18.2600,130.2500,-28.8750,-7.3750,8.9500,-6.5600,3.4600,131.9375,0.6250,-4.6250,0.8300,2.5900,12.7300,133.6875,2.0000,-4.0625,-1.7000,0.7500,-1.1400,135.7500,3.8750,-5.6875,0.3200,-0.5000,0.2600
150.0625,4.8125,-9.4375,0.6700,2.0500,8.5300,151.2500,-16.6250,-9.1250,7.3500,-1.5700,9.9900,152.1875,-57.3125,-17.4375,10.6200,-3.1500,-9.7100,147.2500,-67.7500,-27.4375,13.3700,0.0100,-22.7000,149.4375,-18.2500,-6.8750,14.3200,-2.9000,9.2200,148.8125,9.6250,-7.0000,-3.7100,6.8900,11.4500,148.8750,10.0000,-4.8750,-1.2700,1.1700,-0.1100,149.2500,8.1250,-5.6875,0.2400,-0.2000,-0.0100,150.7500,6.2500,-4.9375,-0.1400,-0.0100,-0.0200,152.0000,4.6250,-4.5000,0.1200,-0.0800,0.0400
164.5000,3.1250,-6.6250,-0.0600,-0.0800,1.0700,164.0625,-3.3125,-7.0000,1.0400,-0.1700,6.6700,164.0625,-25.9375,-8.5000,5.7000,0.3500,7.4700,161.7500,-63.0625,-17.3125,8.5000,-0.6600,-4.8800,158.5625,-78.6875,-52.8750,8.4500,1.6100,-17.1700,162.1875,-46.0000,-8.5000,9.9900,-4.7000,-7.9900,159.3750,-0.9375,-3.1250,11.6000,-1.3600,25.9500,160.2500,4.5000,-3.3125,-2.2200,1.6200,3.3500,160.0625,2.8125,-3.1875,-0.4000,0.2400,-0.1500,159.6250,1.4375,-3.0625,0.1300,-0.2600,-0.4400
151.9375,9.3750,-9.5000,0.1700,-0.3400,-0.5000,155.0000,12.3125,-10.5625,1.3800,2.4700,6.9300,157.9375,-0.2500,-6.3750,5.1300,1.0400,14.2200,157.3125,-45.2500,-8.1250,11.0300,-2.2100,-4.0900,154.2500,-75.8125,-45.8750,9.8100,-3.5000,-19.1100,154.4375,-61.3750,-24.7500,10.3600,-3.4100,-10.6600,153.2500,-14.0000,-8.4375,12.9600,3.0100,10.3800,153.5000,9.9375,-6.1875,-1.0100,2.0600,8.5200,153.8750,7.5625,-3.1250,-1.5700,0.7700,0.0400,153.5625,4.1875,-3.6250,-0.4600,-0.4500,-0.5100
148.0625,7.4375,-6.2500,-0.1600,0.0700,1.2800,147.8750,3.8125,-4.1875,3.2300,0.5300,13.8500,146.1250,-26.5625,-3.2500,7.7400,-0.8900,0.0900,141.6875,-63.6875,-24.4375,10.6000,-6.3200,-17.4600,138.6250,-51.5625,-20.5000,7.5900,-0.5500,-14.8900,138.2500,-4.3750,-8.5625,13.9100,0.1600,10.7600,139.7500,11.8750,-5.6875,-3.2100,2.2200,7.6500,141.5625,7.8750,-3.9375,-1.7800,0.9500,-1.8900,143.1875,6.6875,-4.2500,0.7000,-0.0200,-0.1200,144.3750,6.1875,-3.4375,0.0500,-0.2800,-0.1200
157.3125,11.8750,-3.6875,-0.3500,0.0500,-0.2300,156.0625,13.1250,-5.1250,-0.4500,0.4000,3.7000,155.1250,1.3750,-5.8125,7.5500,1.3100,15.2500,154.7500,-40.0625,-11.5000,11.2600,-1.2200,-7.1600,150.8125,-69.6875,-35.6250,6.0200,-4.0800,-23.1900,154.6250,-45.6250,-12.4375,8.7800,-5.9400,-10.1700,153.4375,2.8125,-1.0000,16.3300,-14.0400,23.5400,153.4375,11.4375,-2.6875,-2.4500,3.3300,4.2800,153.8125,6.5625,-2.9375,-0.0100,0.9400,-1.1300,155.5000,3.4375,-2.3125,0.4000,0.0700,-1.3000
142.5000,4.8750,-4.4375,2.5900,1.9300,6.9900,143.6250,-9.4375,-2.2500,4.4900,0.0400,10.6900,141.9375,-43.8750,-4.8750,7.6300,-2.0500,-4.4900,136.5625,-64.5000,-19.3125,4.8200,-1.6200,-21.6500,139.3125,-36.9375,-5.3750,6.8600,-5.3000,-10.0300,136.1250,12.9375,-5.5000,25.0200,4.7400,29.3500,137.4375,13.9375,-2.8125,-2.9300,2.2700,1.8700,138.8750,9.3750,-2.5625,-0.3200,-0.3700,-1.7000,139.8125,8.5000,-3.0625,0.2900,-0.5600,-0.8700,141.6875,9.5000,-3.8750,-0.0400,0.4000,-0.6400
151.7500,20.7500,-9.0000,-1.0200,1.7200,0.4500,152.9375,21.3750,-6.3750,2.0700,1.7300,10.1600,155.0625,-1.6250,-4.6875,8.0800,-0.2200,10.6400,155.0000,-47.3750,-10.3125,12.2900,-2.3600,-12.8900,152.0000,-57.3125,-20.0000,11.0300,1.6100,-16.1900,153.5625,-16.3125,-6.6250,9.9900,-4.9700,0.6100,151.3125,18.2500,-1.8125,1.1700,0.6500,15.1500,150.1250,15.8125,-1.6875,-3.1600,1.5900,0.0900,150.8125,11.5625,-2.1250,0.0900,-0.0300,-0.9000,152.7500,9.1250,-2.6250,0.0900,-0.3700,-0.8800
147.5000,18.8750,-10.0000,0.2200,3.5700,7.5900,149.6250,-3.6875,-6.1875,7.6300,-3.0500,11.0500,148.1250,-49.5625,-13.5625,13.3600,-3.7000,-10.3700,141.9375,-65.8125,-33.0625,10.3900,1.4900,-19.3000,146.1875,-31.2500,-8.0000,7.1800,-6.3700,-6.3800,146.1875,6.5625,-1.2500,6.8800,-0.7300,20.7700,145.3750,2.0000,-3.8125,-1.8500,0.4200,-1.4100,144.2500,-1.0625,-7.7500,0.9200,-0.5400,-1.7000,144.4375,-0.3750,-8.4375,0.7600,-1.1600,-0.7100,145.2500,1.5000,-8.7500,0.1900,-0.2700,-0.3100
149.1875,10.8750,-8.8750,1.6400,1.4600,3.5300,150.0000,-1.5625,-3.7500,5.5600,0.2400,13.3800,147.1875,-44.0000,-11.8750,9.6100,-0.0200,-7.5200,140.2500,-64.5625,-30.3125,4.1700,-2.3700,-21.9600,143.5625,-36.6250,-12.2500,8.2200,-5.0100,-10.6200,142.8750,6.6250,-5.6875,12.6300,-7.4000,24.3200,144.5000,9.9375,-6.5625,-1.7500,1.1500,0.3400,146.5625,8.5000,-7.0000,0.0400,-0.3100,-0.8200,150.2500,8.6875,-6.6250,0.5900,-1.9300,-0.2900,152.3750,9.2500,-7.0625,0.0400,-0.9200,-0.2900
159.3125,17.1250,-9.0000,0.5900,1.7000,3.7800,158.9375,4.3750,-10.6250,6.2500,5.5900,16.1400,159.1875,-37.5625,-12.8125,11.6700,-4.0500,-5.8500,156.2500,-67.8125,-34.2500,5.9500,-3.9200,-23.4300,158.3750,-45.6250,-15.0625,9.9400,-5.0800,-9.1300,157.1875,6.1875,-5.7500,20.6500,-4.6800,21.6600,157.5000,15.8750,-6.8125,-1.5300,2.7000,6.0400,158.0000,11.7500,-5.9375,-0.2300,0.5000,0.6100,159.0000,5.5000,-5.2500,0.5700,-1.1100,-0.7600,158.8750,0.0625,-5.5625,0.1400,-0.8300,-1.5000
157.2500,14.3750,-9.6250,-0.5600,0.6900,0.1100,157.9375,9.8750,-7.3125,9.1600,-0.8800,17.8600,157.6875,-28.2500,-5.7500,9.5300,-0.9000,-2.7600,153.6250,-63.8125,-21.2500,4.8100,-2.3800,-27.4900,155.3750,-41.2500,-10.7500,8.5700,-2.3800,-11.4800,153.3750,6.8125,-2.0625,24.9800,-0.7500,15.2200,152.3125,15.1250,-4.0000,-2.1000,4.9700,4.1800,152.5625,10.7500,-4.5625,-0.6300,-0.2200,-0.2900,154.5000,6.4375,-5.5000,0.6900,-1.7700,-0.6100,155.0000,2.6875,-6.0625,0.2200,-0.7300,-0.7500
151.5625,18.5625,-13.5000,1.2900,2.7800,4.7400,153.5625,3.0000,-7.5625,9.7700,-2.1900,16.1000,152.2500,-43.4375,-12.0625,12.3000,-1.4100,-11.2500,145.9375,-61.3125,-24.6250,10.3900,-1.4700,-21.9900,149.0000,-25.5625,-8.7500,6.5100,-2.9200,-4.3400,148.1875,15.0000,-4.6250,4.2800,2.2100,14.1600,146.8750,15.9375,-6.9375,-1.6300,1.5000,0.2800,148.3125,14.0625,-7.6250,0.1800,0.0000,-0.0600,151.8750,12.8125,-7.0000,0.4900,-0.8600,-0.5400,154.5000,12.3750,-8.3125,0.3100,-0.0300,-0.5200
157.6250,19.1875,-4.8750,1.2400,1.3000,9.7500,156.3750,-6.8125,-0.5000,10.6100,-3.3500,12.8300,153.0625,-54.6250,-14.9375,13.4100,-2.9700,-13.2300,149.8125,-62.5000,-27.5625,9.4100,1.4400,-15.0200,153.3750,-17.8125,-6.2500,9.8900,-7.8600,-0.1600,152.7500,5.3125,-2.0000,-4.2700,1.7400,8.9600,151.9375,3.3125,-2.2500,-2.4300,1.4900,-2.3600,152.1250,3.0625,-4.3750,1.3900,0.0400,0.8900,153.5625,2.4375,-5.4375,0.0200,0.2200,-0.3700,154.0000,2.9375,-6.2500,0.2200,-0.2300,0.1900
152.4375,12.7500,-9.2500,-0.4900,2.0600,3.3600,151.3125,-0.8750,-5.5000,8.2700,-0.3900,15.9000,149.5000,-43.7500,-10.4375,11.3400,-1.6000,-7.8800,143.5000,-68.6875,-36.1875,2.9800,-2.9800,-25.5100,146.8125,-41.3125,-13.4375,8.3800,-4.1200,-9.5800,146.5625,5.0625,-3.1250,11.7200,-7.7900,27.1100,148.6250,4.8750,-2.4375,-3.0800,1.9400,0.0300,149.6875,2.5625,-3.6875,0.5200,-0.8500,-2.3100,149.3750,5.2500,-5.8125,1.0100,-1.2200,-0.7500,149.3750,9.4375,-7.5000,0.2700,0.6300,0.3800
161.9375,3.6250,-4.1875,6.4100,-1.0800,16.6700,160.6875,-35.4375,-7.3750,8.7100,-0.1400,-2.9000,156.3125,-68.9375,-30.8750,5.6500,-4.1600,-26.0700,158.8750,-42.1250,-11.8125,8.2000,-3.1800,-11.6200,157.8750,3.7500,-0.8750,18.7000,-3.0500,24.7400,157.8125,9.8125,-3.7500,-1.4300,0.9600,4.4200,156.0000,6.4375,-4.5000,-0.5900,0.6400,-0.4100,156.6250,4.5625,-4.3750,0.5000,-0.2200,-0.1700,156.5000,3.6875,-4.2500,0.4000,-0.2800,-0.2900,155.8125,2.1875,-0.3750,0.5100,-0.5600,1.0100
156.9375,9.9375,-6.2500,1.4600,0.3600,8.0500,156.1250,-13.8750,-0.6875,8.4200,-3.9200,8.9300,153.0000,-60.4375,-18.2500,11.2000,-1.8400,-12.5100,150.4375,-61.6875,-24.1875,10.8400,1.1500,-12.6200,153.5000,-22.4375,-5.8125,8.8300,-7.7100,-1.8900,153.1250,12.3125,-3.7500,2.1100,0.5800,13.6000,151.6875,12.1250,-3.4375,-2.6700,1.7000,-0.3300,151.5625,11.5625,-4.6875,-0.0300,1.2400,0.3200,153.5000,11.5000,-4.1875,0.3600,-0.5100,0.3800,154.3750,10.4375,-4.5625,-0.0700,-0.6500,0.3100
151.9375,18.3125,-8.8750,2.6400,0.4600,9.3200,150.3750,-2.8125,-3.2500,7.7500,-1.2600,9.5200,147.7500,-46.2500,-12.0000,11.6200,-3.1100,-11.0800,144.5000,-53.2500,-19.5625,9.9700,0.6200,-18.6400,148.5000,-12.5000,-5.9375,9.2600,-2.5500,-0.5900,147.3750,18.5000,-3.1250,0.1900,3.8300,11.4400,144.3125,18.0625,-3.6875,-3.6600,3.2300,-1.5600,145.5000,18.5625,-3.4375,-0.6900,0.7800,0.2400,149.8125,19.1875,-3.0625,-0.3000,-0.6600,-0.2500,153.0000,20.3750,-3.8750,0.0100,-0.3100,0.2400
167.1875,4.5000,-3.2500,0.3800,0.3700,5.3600,166.1250,-9.2500,-1.7500,0.7600,0.7600,8.2200,161.6250,-40.7500,-7.6875,6.7500,-1.3300,-3.7100,154.3750,-63.3125,-22.8125,6.5300,0.7400,-20.0500,161.3750,-33.0000,-1.5000,9.0300,-4.2300,-11.7900,161.6875,14.3125,-1.3750,14.6300,1.1400,26.3100,164.1250,18.5625,1.0625,-3.0200,3.0400,2.6300,162.8750,14.1875,1.5625,-1.8400,-0.0700,-1.2400,162.3750,12.6250,0.1875,0.1800,-0.3700,-0.6400,161.8125,12.9375,-0.4375,-0.4400,-0.8200,-0.2800
150.3125,23.0625,-3.0000,3.3100,0.0100,10.7800,150.8750,-10.1875,1.1875,8.7100,-3.3800,0.7900,147.0625,-49.7500,-6.0000,4.0500,-1.2100,-27.4600,148.1875,-38.1875,-6.6875,5.8500,0.5400,-13.7600,148.1250,13.0000,1.0000,29.2900,2.4400,26.8700,149.7500,23.8125,1.2500,-1.5400,0.3800,5.3600,149.3125,22.5625,1.5000,-2.3200,1.5000,0.6000,151.3750,20.3750,0.1875,0.2200,0.6800,0.0700,154.1250,17.7500,-0.2500,0.8600,-0.0500,-1.2100,156.3750,16.8125,-1.4375,0.2800,0.0000,-1.6100
165.3750,22.3750,-0.4375,4.0100,1.2800,8.9100,166.1250,0.3750,3.6875,5.4800,-0.7100,4.8300,164.1875,-36.0000,0.9375,5.1800,0.8800,-13.0500,162.6875,-33.7500,1.5625,7.2600,2.9800,-19.7100,167.3125,10.5000,-0.3750,15.5400,-9.5800,-4.9300,164.5625,38.3125,-3.4375,-0.4100,5.5100,11.1400,165.1875,41.5625,2.1250,-4.7900,1.9300,0.9300,164.1875,41.8125,0.3750,1.0200,0.6200,2.0000,164.8750,38.0000,-0.7500,0.2600,-0.3100,0.1500,163.5625,33.1875,-1.8750,0.1200,-0.3100,-0.4600
158.0000,10.5625,-1.5625,3.4000,-0.5400,11.3000,155.5625,-16.2500,0.4375,3.1100,-0.7600,-4.0300,150.6250,-34.8750,-3.3750,3.4900,0.7700,-21.5300,151.3750,-7.3125,-1.7500,7.7700,0.4600,-7.0600,151.7500,34.0625,-2.2500,6.0300,-0.6900,10.4900,153.8750,43.6875,-0.5000,-2.9600,3.7200,5.3900,154.2500,43.2500,-1.0000,-1.3100,0.6000,3.7200,154.0625,35.5000,-2.1250,-0.0500,-0.1400,0.7100,154.1875,26.1250,-2.6250,1.1300,0.0600,-0.5300,154.8125,17.5625,-3.2500,1.2700,0.2900,-2.0200
183.0625,28.3750,1.4375,6.4800,0.8600,13.1100,182.5000,-11.6875,4.6875,8.5700,0.2400,-4.4300,178.6250,-44.8750,-2.9375,2.6900,1.5600,-27.5800,185.1875,-17.6875,1.1250,8.0700,-2.6400,-13.9100,184.6875,32.8125,-1.6875,19.9800,-1.4700,27.1800,188.3125,45.8125,-4.8750,-1.6400,0.9400,6.8200,189.8125,42.4375,-5.8750,-3.0600,-0.4600,-0.2300,192.4375,41.1250,-6.4375,0.6300,-1.2600,-0.8000,192.6875,41.5000,-6.6875,-0.2900,-1.1500,-0.4000,189.8125,43.0000,-6.5000,-0.5400,0.2500,0.0600
181.3125,2.9375,-5.1875,0.6100,-0.4500,6.0100,179.8125,-11.1250,-2.9375,4.2300,-0.4400,7.8700,176.8750,-40.9375,-6.1875,6.2400,2.5200,-16.2500,180.2500,-25.3750,-0.8750,11.9200,1.4600,-18.1600,188.0000,32.6875,-4.3750,22.3600,-4.5400,3.7600,191.9375,66.6875,-13.6875,3.2000,4.5200,16.8500,191.3125,60.2500,-8.8750,-3.7000,0.6300,5.0000,189.6875,46.3750,-7.7500,1.0600,-0.2900,-0.4700,186.4375,31.9375,-5.9375,0.6700,-0.6400,-1.4500,182.8125,22.0625,-4.9375,0.0700,-0.3600,-1.4600
170.3125,3.3750,-1.1250,1.8600,-0.2800,12.6300,166.9375,-30.6875,-2.3750,7.2000,-1.4900,0.0500,158.6250,-56.0000,-11.6250,7.9600,1.0900,-25.6400,165.5000,-19.4375,2.0625,13.3500,-3.4100,-14.4300,168.1875,41.3750,-5.5625,3.7600,5.3000,23.4300,168.5000,49.6250,-4.2500,-7.6100,5.0400,7.2900,167.4375,41.1250,-3.5000,-2.4300,0.8000,-0.0500,167.5000,32.5000,-4.1875,1.5100,-0.3300,-0.3600,166.6875,24.8125,-4.0625,1.0300,0.1100,0.5300,165.7500,16.0625,-2.3750,0.3100,-0.2100,-0.5600
150.4375,23.2500,-4.7500,1.0300,0.5000,9.8100,148.4375,-6.7500,-1.3125,7.8900,-0.5900,0.7800,147.2500,-48.6250,-7.0625,11.1700,0.1700,-18.5300,144.5000,-36.7500,-2.1250,10.3300,1.1000,-15.7600,142.7500,18.5000,-5.6250,30.2000,-3.8800,23.7100,144.5625,39.1875,-1.8125,-3.6400,-1.6800,6.9500,144.5625,38.3750,0.3750,-3.5700,-0.1400,1.9700,142.3750,33.8750,-1.6250,0.8300,0.8000,2.1500,143.5625,26.1250,-1.5000,1.0500,-0.6400,-0.2300,143.3750,17.6875,-0.0625,0.4800,-0.6400,-0.9900
136.8125,34.3125,3.1875,1.5000,1.6300,6.0000,140.8750,14.1250,6.9375,7.0400,-0.6100,11.1300,140.1875,-24.8750,4.1250,8.4900,0.1800,-10.9900,138.6250,-34.2500,2.5000,7.9100,2.0700,-25.9400,145.8125,14.5625,2.5625,12.1000,-4.6200,-0.7500,148.9375,50.7500,2.5625,-0.5400,2.0100,14.5300,151.0000,49.6875,1.4375,-3.7400,0.4300,3.1400,151.0625,41.6875,0.1250,0.2400,-0.5200,0.8600,148.8125,30.6250,0.1250,-0.3100,-0.1200,0.4700,145.7500,20.3750,-0.3125,0.3900,-0.1100,0.3100
141.9375,-25.8125,1.5000,5.2000,-1.1200,1.7000,137.0625,-64.1250,-9.5000,8.3000,-0.6100,-7.2000,133.5625,-74.9375,-34.1875,6.7600,0.0000,-17.7300,138.6875,-40.8750,0.4375,8.6800,-0.7600,-10.9500,138.5000,9.2500,3.0625,13.8900,-11.8600,24.0700,140.1875,12.5000,2.0625,-2.7000,4.8100,0.1700,140.0625,9.6875,-0.1875,-0.2800,0.9700,-0.6700,141.8750,9.1250,-0.5000,-0.9400,-1.0400,-1.5800,144.4375,11.4375,-1.1250,0.7000,0.2900,0.2200,145.8750,14.0625,-1.8750,-0.5500,0.9500,0.0100
148.8750,6.7500,-1.0625,0.5300,0.9000,4.0400,150.3125,-7.3125,0.8125,3.1400,0.2400,11.7300,148.3125,-45.4375,0.8750,8.5400,1.0400,-6.7100,143.0000,-69.3750,-10.8125,7.1100,2.0400,-20.6600,150.5625,-43.0625,-2.1875,7.4300,-0.5400,-9.6200,151.8125,1.2500,1.3125,11.9600,-10.3800,22.5100,154.2500,2.5625,4.9375,-1.9600,2.6700,1.0800,152.8750,-1.5000,4.4375,0.0400,0.0900,-2.5700,152.2500,-0.7500,3.0000,0.6500,-0.1400,-0.9400,151.6250,1.1875,2.0625,-0.3100,0.0700,0.7300
145.6875,-4.3750,5.0625,4.0200,1.0400,12.6300,143.6250,-43.0625,0.6250,9.5300,0.4100,-3.8800,135.8125,-69.5625,-15.1250,6.4500,-1.0100,-21.7500,140.1875,-33.6250,0.8750,11.4000,-4.2200,-11.7700,138.0625,19.6250,1.0000,22.5100,0.3000,29.8400,140.1875,25.3750,3.8125,-3.2800,2.9300,4.1400,139.0000,22.5625,1.6875,-0.5400,1.5600,0.4700,141.0625,19.3125,1.3125,0.5400,-0.3200,1.0900,142.6875,14.3750,1.5625,0.1000,0.0300,-0.3900,142.5000,9.9375,0.6250,0.3100,0.0700,-0.9200
145.3750,3.1250,-1.6250,3.7300,2.1300,19.2300,145.3750,-28.7500,2.0625,7.6400,-0.4200,1.3400,142.5000,-70.0000,-13.6250,10.0600,-1.1300,-25.8300,143.3125,-52.5000,-5.5000,9.9100,-0.5200,-15.3000,144.3750,2.0625,3.2500,32.5300,5.6400,29.2000,147.4375,12.0000,6.1875,-3.8800,2.2500,4.1100,144.2500,10.5625,4.3750,-1.3300,0.7000,-0.8300,143.9375,10.0625,3.5625,0.3300,0.3400,-0.0100,144.8750,8.5625,4.4375,-0.6100,0.2300,0.7000,144.1250,6.5625,4.3125,-0.6500,0.0300,0.2400
151.3750,-7.0000,1.1250,4.5900,-1.3100,14.7400,147.0000,-46.0625,0.2500,11.1500,0.1900,-2.8700,137.8750,-76.6250,-34.9375,4.4100,1.3200,-21.9200,142.5000,-52.3750,-4.5000,10.0600,-1.4200,-13.2000,143.2500,0.1250,4.0625,29.2900,6.4600,26.6900,146.7500,9.0625,3.6875,-2.2900,3.4700,3.6000,148.0000,4.5625,4.2500,-0.9200,0.3900,-2.9100,148.4375,4.6875,2.5625,0.0000,-0.1400,-0.8700,149.8750,5.8125,2.4375,-0.4900,-0.4600,1.5300,150.7500,5.1875,2.6250,-0.8000,0.0200,1.1100
154.8750,-2.0000,3.8125,0.9700,-0.4700,11.1500,150.3750,-31.2500,7.1875,8.3900,-0.5400,3.6300,143.3125,-72.7500,-13.9375,13.8100,1.8000,-14.0700,143.1875,-73.0000,-18.6875,9.5700,3.5400,-16.9900,150.8750,-24.2500,4.0000,13.1200,-11.4000,-0.1000,151.6875,2.3750,8.3125,-3.6300,-2.9000,7.7900,151.2500,2.1875,4.7500,-2.2300,2.0100,-1.6900,152.6875,4.1875,2.9375,1.0800,0.8200,1.0300,155.8750,4.8750,3.7500,-0.4100,-0.0800,0.0200,156.6250,5.4375,3.1250,-0.0600,-0.0200,0.0500
162.1250,-14.1250,0.4375,2.0200,-0.5800,8.5200,160.3125,-49.5000,-4.9375,4.9200,-2.0900,0.8300,156.8750,-79.8125,-49.4375,7.0200,-0.6500,-4.1100,150.6875,-77.3750,-117.6875,10.4100,-1.3400,-10.6600,152.9375,-68.1875,-27.9375,12.2700,-3.0300,-9.6100,155.0625,-10.6875,-4.0625,15.8900,3.6200,12.4500,154.6250,21.2500,-2.4375,0.6200,5.5400,16.4500,155.0625,22.9375,0.6250,-2.7800,2.3500,2.8900,155.3125,16.0625,0.2500,-0.3400,-0.4900,-0.1700,155.3750,9.0625,-0.9375,0.5400,-0.6400,-0.8400
157.9375,2.1875,-3.6875,0.2200,1.9500,8.1000,159.0000,-18.6875,-3.4375,3.3600,-1.1000,6.7300,158.0625,-58.4375,-12.0625,7.1100,-2.0800,-5.9300,156.9375,-78.8125,-51.7500,5.6600,-1.2100,-12.0600,156.8750,-64.6250,-16.1250,13.8600,-2.2200,-14.9800,156.8125,-10.4375,0.5625,17.4000,-7.9700,4.4900,157.1250,16.0625,1.1875,-4.6500,1.7600,9.5700,157.2500,14.3125,0.0000,-1.1700,0.8200,1.4000,159.6250,9.7500,-0.6250,0.8300,-0.3200,-0.7500,160.8125,5.8750,-1.3750,0.1200,-0.5900,-0.9800
160.7500,-0.5000,1.2500,1.3200,-0.1400,6.0100,159.8125,-17.1875,2.1250,2.0000,-0.7300,3.2100,155.9375,-42.3125,-2.6875,3.3800,1.7100,-11.8200,154.1875,-32.7500,-0.3125,7.2900,0.6700,-16.9100,156.7500,13.8750,2.4375,14.0500,-12.1900,0.0500,158.6875,37.2500,7.8750,-2.9700,-3.1600,9.1200,158.1250,35.9375,7.8750,-3.9100,0.4000,1.9400,157.8750,30.8750,4.5000,-0.1000,1.1000,1.8700,159.0625,22.5000,2.0000,1.1600,0.4900,0.3500,159.2500,13.7500,0.5625,1.2500,-0.3600,-0.0500
158.0000,-20.6250,-0.7500,3.4500,-2.0500,9.1400,156.4375,-54.6250,-11.1250,9.0000,1.5100,-13.9700,151.9375,-53.0625,-5.4375,11.4500,3.0500,-21.1000,157.4375,3.3750,2.1250,21.7000,-7.3800,-0.1200,157.2500,37.0625,4.7500,3.1400,-1.2700,13.2100,151.3750,36.5625,2.1250,-4.4300,2.6500,3.1600,152.5625,29.4375,1.1875,-0.0200,-0.0500,1.1100,154.2500,21.3125,-0.2500,1.4400,-0.3200,-0.2600,155.5000,13.1875,-0.8125,1.0100,-0.3700,-1.1800,156.1875,6.8125,-1.2500,0.8200,-0.4400,-1.4300
164.2500,-27.9375,3.3750,4.0400,-1.2900,2.5100,161.8125,-59.1250,-8.5000,6.5300,0.0100,-7.9000,157.3125,-58.3125,-13.2500,10.1100,1.7700,-16.6600,162.5000,-13.9375,0.0000,12.7000,-7.8100,-8.4600,162.8750,32.1875,6.1875,6.3100,-3.4800,17.2800,160.1250,37.3750,5.3125,-5.4500,1.8600,4.0100,160.4375,33.3125,4.3125,-0.8100,0.8900,2.7500,162.5000,24.2500,3.3125,1.4100,-0.2100,0.5100,162.1875,15.0000,2.3750,1.1100,-0.6500,-0.8100,160.7500,7.1875,0.7500,0.7900,-0.5100,-1.3500
154.4375,13.0000,-1.0625,4.7400,-1.1100,12.3500,153.5625,-10.6875,4.8750,8.4100,-2.7200,5.7300,152.5000,-47.1250,-3.7500,8.2200,-0.7400,-12.8500,147.0625,-40.5625,-4.0000,11.7400,2.8400,-16.4000,147.9375,9.2500,-2.5000,20.1100,-5.6000,-3.2800,150.3125,43.1875,0.1875,0.8300,2.7000,11.8300,150.0000,46.1250,2.9375,-5.2400,2.1600,4.0200,149.7500,39.5625,1.8750,0.1700,1.7700,4.7600,152.0000,25.0000,1.1250,2.1400,-0.1500,0.5800,153.1875,10.3750,-0.2500,2.5800,-0.3100,-2.8800
157.7500,-8.3750,-0.1875,1.4300,0.0000,8.3600,157.0000,-36.3125,-1.1875,5.3300,-1.6200,-0.0300,152.9375,-63.6250,-14.4375,6.8500,0.2800,-16.4200,153.6250,-43.5000,-2.0625,11.2800,-0.4500,-12.3400,155.3750,11.2500,3.5000,27.0000,0.4700,14.0700,157.5625,37.9375,6.6875,-1.2900,0.9700,10.2200,155.3750,37.4375,5.4375,-5.2500,1.0600,2.0300,156.3125,31.6875,4.0000,0.2100,0.0800,2.6800,157.8125,22.0625,2.7500,1.4500,-0.1300,-0.0900,157.5000,11.4375,1.6875,1.8800,-0.2300,-0.8100
155.1875,11.3125,-1.0000,-0.0800,-0.1600,-0.4300,154.1250,12.8125,-1.6250,-0.6100,0.5200,-1.1400,153.2500,15.8125,-2.4375,0.1800,2.0300,4.9100,154.6875,9.0625,-1.8125,2.4600,0.0000,8.3300,154.6250,-16.3125,-9.1875,9.1900,0.9400,7.5600,153.1250,-55.6875,-16.3125,8.8300,-1.1500,-18.6200,149.4375,-46.4375,-9.1250,9.4400,3.6500,-15.7900,151.3750,2.7500,4.1250,18.7900,-13.2900,2.8100,152.8750,27.3750,8.6250,-0.2300,-0.8000,9.2200,149.4375,29.6875,7.1250,-3.7600,-0.3400,1.7400
150.0000,13.5625,-0.5625,-0.4100,0.3100,-0.2600,149.9375,14.9375,-0.8750,-0.8300,-0.1600,-0.7800,149.1875,18.1250,-1.0000,-0.6300,1.4300,5.3800,149.0625,7.6250,1.4375,5.6200,-0.2400,13.2300,146.8125,-36.0000,-1.9375,9.9500,-0.3800,-7.1800,142.2500,-57.1875,-9.0625,7.0000,-4.6000,-19.8700,145.8750,-26.0625,-4.0000,6.4000,-3.7700,-9.3600,142.9375,19.3125,4.9375,17.4700,-12.1700,21.5700,144.4375,25.8125,5.6250,-2.9500,2.6300,3.3900,142.8750,23.6250,4.1875,-1.2600,2.0200,1.2800
146.0000,16.9375,-0.4375,0.4400,0.8100,-0.1700,145.1875,19.5625,-0.2500,0.4600,0.4800,-0.4200,145.2500,22.5000,-0.6875,-0.0800,0.0900,0.8300,145.0000,21.6875,0.2500,3.5100,-0.8500,10.9600,143.1250,-3.0625,2.8750,9.4700,-4.1500,8.9600,137.5000,-51.8125,-6.2500,13.6700,-0.4900,-18.0300,136.9375,-48.6250,-7.8125,9.3900,4.2800,-16.0700,140.8125,-0.8750,0.6875,9.6300,-5.3300,-3.4800,141.7500,32.0625,4.3750,1.8700,2.7000,13.6700,141.3750,29.0625,4.5625,-4.6200,1.4200,1.5100
152.7500,22.3750,-1.3125,-0.8000,0.6400,4.4400,152.2500,9.7500,1.5625,2.4600,0.3000,9.8800,149.0625,-24.3125,2.1250,10.8300,-2.0100,1.7800,145.4375,-60.2500,-14.6875,6.6000,-0.6300,-13.7800,143.0000,-55.7500,-14.3125,7.5700,1.3200,-13.8400,149.3750,-12.7500,-1.6875,9.9300,-3.0300,-9.0700,149.4375,27.2500,4.1875,2.3600,-1.1600,13.6200,148.1250,31.7500,4.8750,-4.6900,3.4000,4.7800,149.0625,25.1250,4.3125,-0.7000,1.5200,1.3800,150.0625,16.7500,3.1875,0.4800,-0.6700,-1.1900
149.0625,16.1875,-0.2500,-0.8500,-0.2200,-0.6000,148.4375,18.6875,-2.0000,-0.6600,0.2800,1.9600,145.3750,17.0625,-7.0625,0.5000,2.0700,7.8300,145.7500,-0.8125,-6.3750,6.1300,0.7600,9.8000,143.9375,-38.5625,-5.8125,10.6700,-0.8700,-8.2200,137.3750,-60.1250,-15.4375,6.3100,-1.6200,-22.6100,141.4375,-23.7500,-1.2500,8.7800,-5.4700,-8.6500,137.8750,21.5625,-2.5000,7.3200,1.7400,24.8800,138.0000,25.2500,2.1250,-5.9300,3.8500,-0.2500,136.9375,26.6250,0.8125,0.2500,0.9600,2.5200
162.0000,17.0625,-2.0000,-0.2600,1.1100,3.4700,162.5625,9.2500,-2.0000,3.4500,1.6900,8.1300,162.2500,-20.7500,1.7500,7.2400,-0.4500,4.9900,159.6875,-59.6875,-4.3750,6.8500,1.9600,-9.6400,156.1875,-74.2500,-16.3125,6.0700,0.8900,-16.8400,162.7500,-40.2500,0.9375,8.8500,-2.7000,-11.7400,163.0625,10.2500,-1.8125,21.6000,3.2700,19.0000,162.5625,22.3125,-5.0000,0.6900,4.5300,7.0000,158.8125,20.5625,-6.3750,-1.4200,2.1100,2.2800,158.3750,17.3125,-5.5000,0.0100,-0.5800,-0.9500
150.1250,15.3125,-5.0625,-0.0300,1.1000,-1.1800,151.0625,15.2500,-4.8750,3.3300,1.4900,9.6400,151.5625,-7.5000,0.2500,9.5000,-1.8100,10.2800,147.9375,-56.0625,-4.8750,11.5200,-0.9100,-8.4600,140.5625,-78.6875,-50.0625,3.7600,-0.7700,-20.2500,143.6250,-61.8750,-11.8125,9.4100,-2.3800,-12.1300,145.8125,-16.5625,-2.6875,18.3900,4.8700,20.7300,149.1875,-4.1250,-2.1250,-0.3700,2.1200,5.7300,148.8750,-7.6250,-2.3750,0.2000,1.2600,0.1200,148.8750,-11.6250,-2.0000,0.0700,-0.7500,-2.7200
139.2500,-1.2500,-3.6250,0.6200,1.1400,5.5800,139.7500,-19.1250,-1.5000,4.4400,-0.1400,8.7500,136.6250,-53.2500,-2.8125,7.5500,-0.5400,-3.6900,130.3125,-79.3750,-47.8125,5.3900,-0.6600,-13.8100,128.1250,-66.7500,-18.7500,8.7000,-0.6500,-12.1700,130.0000,-20.4375,-1.3125,12.0100,-8.7800,1.0600,130.5625,6.5625,-2.5625,0.7600,-0.0300,12.8300,131.0625,5.3750,-1.6875,-0.6600,2.2100,0.5400,132.6875,2.5000,-1.0000,0.4500,-0.3100,-1.7000,133.3750,2.8125,-0.8125,0.5200,-0.4600,-0.4900
155.8750,13.8125,5.8125,-3.2900,0.0900,-2.2900,154.8750,15.0625,5.0625,6.2900,0.5900,17.7600,154.6250,-20.7500,8.1250,9.8300,0.6300,3.0700,152.0625,-65.2500,-4.5000,15.0500,-2.3600,-18.6300,149.3750,-58.0000,-9.4375,7.3700,2.0700,-15.9200,153.1875,-6.7500,3.3750,12.9900,-9.1100,0.8400,153.0625,24.2500,8.6250,0.3500,-0.2900,10.3400,150.5000,24.9375,6.8750,-2.2500,0.9400,3.3400,151.8750,17.5625,5.5000,0.8700,0.5100,1.3300,154.0000,7.9375,4.8125,0.7200,-0.6600,-1.4500
146.6875,14.1250,0.4375,0.6800,0.5500,2.0100,143.3125,13.7500,0.2500,2.2000,1.6100,13.6800,142.3750,-15.6250,5.7500,10.3600,-2.0100,7.9600,140.0625,-63.6875,-1.7500,10.8900,-1.6100,-12.8800,133.1875,-62.6875,-6.8750,9.7300,3.0300,-16.1900,135.7500,-14.5000,5.1875,10.4600,-6.9200,-6.0100,133.5000,20.1250,7.0625,0.6500,-0.0800,14.3000,133.7500,20.8750,4.3125,-4.1700,2.4800,0.7300,136.1250,18.0000,1.5625,0.8700,1.3100,0.5100,140.8125,14.6875,1.8750,1.3200,-0.3700,-1.1100
160.9375,19.0000,4.7500,2.1100,0.2500,10.7900,158.6875,-4.6875,9.3750,6.8200,-1.5300,9.5700,156.0625,-48.7500,0.6875,10.6200,1.4300,-11.2100,156.0000,-58.2500,-2.4375,11.5600,3.0800,-16.3500,163.5625,-13.3125,4.4375,11.1600,-10.3900,-3.0100,162.8125,24.0000,8.1875,1.7000,-1.8800,13.0900,159.6250,29.8750,8.8125,-3.5100,3.4300,6.3200,156.3750,22.4375,3.8125,-2.5600,5.7100,0.0000,156.7500,12.1875,5.6875,0.5300,-1.9500,-0.8900,156.0000,5.9375,4.7500,0.7900,-0.9100,-1.1500
153.9375,11.3125,1.7500,0.2500,0.6400,8.1000,154.6250,-13.1875,5.2500,7.1000,-1.9900,7.0000,153.3750,-52.0625,-1.6250,8.1900,0.2100,-20.6300,150.6250,-41.2500,-0.4375,10.2600,2.9100,-16.1600,148.3750,14.8125,6.1875,36.3500,3.9300,27.6900,152.8125,29.2500,15.1875,-2.9900,-2.6200,8.4100,150.2500,27.0000,11.1250,-2.7700,0.1300,3.1000,151.1250,17.5000,6.3750,1.1200,0.0300,1.2600,153.3125,5.8750,4.1875,1.6800,0.1500,-2.0700,153.5625,-2.1250,2.2500,1.1100,-0.0500,-2.8900
153.5625,12.2500,0.7500,1.7800,-0.7500,11.6700,152.7500,-11.7500,9.4375,7.3300,-2.5200,4.4500,150.3750,-51.5000,-3.6875,9.0400,-1.4300,-20.8000,145.2500,-42.6250,-1.0625,6.2900,0.7900,-15.3600,144.1875,11.6875,4.1250,26.6100,-3.2600,13.0600,143.0000,29.6250,1.8125,-1.3200,2.9700,6.0400,141.0000,31.5000,3.6875,-4.4800,2.7400,0.9200,143.1250,31.1875,3.8125,0.7000,1.3700,3.7900,147.8750,22.8125,3.7500,1.0400,0.0600,1.5900,150.8750,10.8750,3.1250,1.5500,-0.3300,-0.6100
152.0000,-2.5000,-7.5625,1.7500,2.0000,5.0400,153.8750,-16.3125,-6.0625,4.9600,-1.0600,7.3100,151.8750,-48.6875,-4.5625,7.9900,0.0800,-3.4200,148.1250,-71.4375,-15.3750,-0.3200,1.9100,-18.1500,152.5625,-46.0625,-4.6875,7.0600,-1.6300,-11.2100,153.1250,1.0000,-6.5000,22.8500,0.2300,8.0400,154.8750,13.3125,-4.9375,-1.2700,-4.2000,6.6800,151.8125,11.8125,-7.6250,-2.5000,2.0200,3.4700,151.8750,7.3750,-7.6875,-0.8300,0.3500,0.1100,153.3750,2.2500,-5.5625,0.6500,-0.2100,-0.8400
159.5000,27.5000,4.5000,-0.4500,3.6900,6.6400,159.3125,13.6875,6.3750,6.1800,3.6700,11.8700,158.1875,-26.2500,4.5000,8.2800,1.0700,-10.1300,155.0625,-45.5625,-1.9375,8.9300,-2.7900,-25.8000,158.3125,-6.6875,1.1250,9.4800,-9.6900,-7.6100,158.5000,33.3125,8.0000,-2.1200,-1.6100,13.3200,157.6875,37.4375,9.7500,-6.1500,2.4800,2.9800,155.6875,34.3750,8.5000,-0.8500,1.0200,4.8500,156.8125,24.1250,4.3125,1.4300,-0.9700,1.7500,157.2500,12.9375,1.1250,2.1900,-0.6400,-1.0700
146.3750,18.4375,1.3750,-0.6000,0.4900,-1.3100,145.6875,20.2500,4.2500,7.7000,-3.6200,15.5200,145.9375,-6.8125,8.5000,8.7200,-1.3200,6.5900,143.8125,-50.9375,-3.5000,8.8000,-2.8900,-20.3900,139.6250,-40.6875,-6.0625,6.5400,2.2200,-15.2200,137.6250,10.7500,5.6250,22.3500,-9.9100,10.2000,140.0625,28.6250,9.6250,-1.3800,-1.1000,8.1500,138.9375,27.6250,6.6875,-2.9200,1.2500,0.9600,140.3750,24.1875,3.6875,0.3400,0.7700,2.0000,143.3750,17.7500,2.3125,0.0900,0.1600,-0.5900
142.9375,22.6250,-1.6250,4.5900,-0.4100,11.5000,142.6875,-7.1875,4.1250,10.0200,-1.5500,6.3700,140.3125,-52.4375,-3.8125,12.1300,-0.5900,-12.7000,131.7500,-62.4375,-13.8125,9.5100,2.7700,-18.4200,133.9375,-16.4375,0.5625,11.2900,-7.8800,-8.0000,132.3125,24.8750,7.1875,5.3800,-3.5700,16.7200,130.7500,28.1250,3.6250,-4.3700,1.6000,3.0000,133.3125,25.1250,2.1250,-1.2300,1.5100,-0.1900,135.5625,23.0625,0.8125,0.3600,-0.0600,-0.1400,137.0625,21.5000,0.0625,-0.0700,-0.3200,-0.8700
144.6250,14.8750,-5.0625,0.5100,1.5600,2.7500,147.7500,3.3125,-5.1875,3.2600,0.7800,8.9000,152.5000,-24.8750,-2.3125,4.7400,-1.9500,-2.3100,153.4375,-52.3125,-6.1875,3.9800,-2.0800,-8.8100,151.0000,-53.0625,-8.8750,4.5600,0.0400,-15.8600,152.2500,-15.2500,0.2500,9.0600,-1.5400,-11.6800,146.8125,31.1875,-0.9375,13.4000,1.5400,19.5600,146.1875,42.8125,2.6875,-3.3000,2.7000,6.6200,146.8750,42.8750,4.3125,-1.9900,0.5700,3.4100,148.1250,37.8125,2.9375,-0.2300,0.1200,1.0900
161.0625,23.4375,-2.8750,-1.3700,0.3600,3.5100,164.3750,17.9375,-0.9375,1.1200,-2.6700,10.3900,163.6875,-9.0625,0.0625,5.4800,-2.7000,2.7500,157.9375,-48.7500,-3.6875,6.8900,-0.3000,-7.4400,152.1250,-64.9375,-16.7500,4.1800,2.9700,-13.1000,154.3750,-43.6250,-8.5000,9.1100,1.1100,-11.8700,156.6875,8.5625,-3.0625,24.2000,-9.6200,0.1100,157.9375,38.1875,-5.9375,0.6600,-3.0500,10.8100,159.1875,45.3125,-1.6250,-4.8300,2.4200,6.2700,159.5000,42.5625,-1.6875,-1.8700,0.2300,3.7900
147.6250,14.9375,-8.4375,0.2500,3.2600,10.0400,148.4375,-11.1250,-6.9375,3.5200,0.0000,2.8200,146.9375,-49.3125,-10.6875,6.9500,-1.1100,-5.2500,143.7500,-70.5625,-26.0000,5.8300,-0.7200,-7.0700,139.8125,-66.5000,-21.6875,5.6500,0.3400,-12.9200,141.5000,-18.3750,-4.1250,14.9900,-4.8000,-11.1800,138.3125,29.5625,-6.5625,6.3300,0.8100,16.9800,142.8750,44.8750,1.6250,-3.1700,3.8100,9.0200,146.1875,47.3125,2.3125,-3.3100,0.2100,4.7800,145.8750,41.3125,-1.5625,0.0700,-0.1800,2.3100
136.4375,5.4375,-3.3750,2.8600,1.7500,8.4600,136.6250,-10.9375,0.0625,1.4600,-0.0700,9.0000,135.5000,-45.9375,-4.0000,6.4500,-0.9100,-2.5300,131.3125,-71.0625,-30.0000,6.7900,-2.9800,-8.8700,126.5625,-58.2500,-21.4375,13.5500,-2.0800,-13.3700,129.6250,-8.2500,1.2500,14.0600,-14.1800,-4.4600,131.7500,26.7500,4.9375,3.1100,-5.7900,14.6400,132.6250,28.8750,5.8750,-4.4900,0.3300,1.9300,133.5625,25.5000,4.3125,-0.5600,0.4800,2.7300,135.2500,18.4375,2.8125,-0.3700,0.3300,0.7400
142.5000,4.2500,-2.6875,-0.1400,0.1700,0.1200,142.6875,6.8750,-2.8125,-1.7300,0.4000,0.7100,140.6875,8.5000,-3.0000,1.8300,-1.4800,11.6600,139.0625,-17.1875,-3.3125,8.4100,-2.1500,5.8300,137.8125,-56.4375,-8.5000,9.1700,-0.8200,-9.9800,131.5625,-62.9375,-15.1875,8.1700,1.6500,-16.1000,130.6250,-27.0000,-3.7500,8.6000,-4.5100,-9.3400,126.4375,17.4375,-0.7500,7.1700,5.7000,18.5100,125.8125,21.8750,-1.1875,-2.8900,3.7100,4.5900,127.4375,18.1875,-1.6875,-0.2400,0.8600,0.4200
150.3750,10.3750,-2.1250,-0.0300,-0.1200,-0.4600,150.0000,13.0000,-2.6250,-1.4300,0.8400,0.1900,150.8750,15.4375,-3.8125,-1.5500,3.9900,5.2000,154.5000,5.9375,-3.7500,4.2500,0.5000,10.3600,154.5625,-24.6250,-3.5625,8.1400,-2.0300,0.6400,153.3750,-59.9375,-14.0000,8.5700,-0.2800,-7.8000,147.4375,-70.4375,-23.6250,7.2500,-3.1800,-15.2300,152.0625,-37.3750,-5.8750,9.0900,-2.5300,-7.9300,149.6250,8.1250,-0.9375,18.3400,-2.4900,22.0500,150.6875,13.8750,-3.7500,-1.3600,2.5700,7.5900
142.0000,-2.5000,-5.5000,0.4000,0.2100,0.0000,141.6875,-6.4375,-5.5000,1.7500,-1.4300,11.6200,139.4375,-32.5000,-4.5625,6.3500,-1.4500,5.9100,135.3125,-71.1250,-19.1250,9.1600,-0.1400,-8.4200,132.6250,-77.6250,-40.5000,7.7000,0.1800,-16.0200,134.4375,-44.3125,-6.3750,9.7800,-4.0300,-5.2100,131.6250,-3.7500,-9.0000,2.9300,1.9400,11.1800,130.9375,8.5000,-9.6250,-0.1900,2.6600,5.0300,131.6250,8.3750,-9.5000,-1.0200,0.8700,-0.2200,134.0000,8.3125,-8.6250,-0.5300,0.3100,-0.4300
155.6875,9.0625,-3.4375,0.5500,1.5800,4.2600,156.8125,0.0000,-2.6250,0.8100,1.1400,8.5400,155.6875,-26.5000,-0.3125,8.1700,-1.1800,5.6300,153.2500,-63.7500,-8.0625,6.1900,1.0900,-18.0000,155.0000,-66.5625,-12.8750,8.4300,4.6100,-13.8600,159.0625,-26.9375,0.0000,10.7300,-7.6300,-2.3100,160.2500,7.7500,1.5000,3.3600,0.3600,13.8400,160.8125,14.0000,0.6875,-1.0700,-0.8100,6.5900,159.8125,9.7500,-1.5625,-0.0900,0.4600,0.5600,159.0000,4.1250,-3.5625,-0.3700,-0.0300,-2.1300
159.9375,9.8750,1.3125,0.3200,0.8100,2.5600,160.6875,3.4375,3.5000,2.4100,-0.1100,12.0900,157.9375,-30.5625,8.1875,7.7200,-1.8900,1.4100,152.3750,-68.2500,-2.7500,10.3800,-0.3100,-8.8700,148.0625,-75.5625,-23.5625,9.2000,1.8500,-14.9300,152.3125,-33.3125,1.2500,12.9700,-2.7600,-3.6800,149.0625,5.9375,0.4375,4.7800,1.8400,18.8700,149.0625,9.9375,0.3750,-1.6800,2.8100,3.7400,150.9375,8.0000,1.0625,0.2600,0.2800,0.1200,154.0000,5.3750,2.1875,-0.3600,-0.6000,-0.7200
174.2500,4.9375,-0.5000,-0.1700,-1.1900,-0.8800,170.2500,3.2500,-4.4375,1.2800,2.2100,6.0800,169.0000,-16.2500,-3.1875,6.5100,-0.5100,11.6300,169.3750,-59.1250,-0.1875,10.3600,0.4800,-7.7800,166.0000,-85.6250,-1.6875,5.6400,2.4600,-18.4900,169.8125,-58.6250,5.5625,13.5000,-4.9900,-11.5000,165.7500,0.5000,2.7500,28.1300,-2.2300,24.5500,165.3125,13.4375,1.7500,-2.0000,0.2600,7.8700,164.2500,13.5625,5.5625,-2.4400,-0.0500,1.3600,161.5000,11.8750,5.6875,-0.8900,-0.0600,0.3200
142.5625,13.9375,-1.9375,-0.7400,0.3200,2.4000,142.0000,9.5000,-2.5000,2.6000,0.9900,12.4200,141.2500,-22.1250,-2.0000,9.5600,-3.3900,3.5500,136.3750,-62.0000,-14.6250,11.9300,-2.0200,-8.3200,129.2500,-73.3750,-42.7500,6.3700,0.9000,-22.0200,134.7500,-36.0625,-1.6250,12.8100,-6.1800,-6.0800,133.1250,9.7500,1.8750,7.7600,1.7000,17.2700,132.5625,12.3125,-0.8750,-2.8100,2.7600,2.3800,135.4375,10.4375,-1.0000,-0.8700,-0.5200,-0.9400,139.1875,9.4375,-0.5625,0.5800,-0.9700,-0.4300