166.6250,2.7500,4.2500,-0.6300,-0.0300,-0.3800,166.1875,4.6250,4.0000,-0.9600,-0.2600,-0.7700,164.4375,8.0000,3.6250,1.4200,1.0100,13.4200,164.4375,-7.5625,6.1250,10.1800,-1.3600,12.2800,165.6875,-43.0000,10.8125,10.8800,-1.2300,-9.0600,166.3125,-69.1250,17.0000,2.9500,0.0400,-14.0500,168.0000,-77.1250,22.8750,-0.1000,-0.2500,-8.0100,168.4375,-74.6875,15.9375,-1.6300,-0.1000,-0.5900,167.2500,-72.0000,11.1875,-0.1800,-0.1100,1.3500,166.8750,-72.0000,10.1250,0.0000,-0.0300,-0.1100
140.3750,-3.2500,2.2500,0.4400,-0.4500,-0.8300,139.0000,-0.6875,2.5625,-0.5500,-0.5400,-0.7800,137.3750,1.6250,2.1250,4.5500,3.9200,23.6300,140.9375,-21.6875,2.3750,9.9400,-0.9800,3.8900,145.5000,-57.2500,7.5625,11.0800,-2.1600,-6.8900,147.0000,-81.1250,14.8125,5.3600,0.2100,-12.2500,147.6250,-85.4375,1.0625,0.7700,-0.2100,-5.0100,147.3750,-82.1875,-4.3750,0.0000,-0.0100,0.9500,147.4375,-80.8125,-5.3750,-0.2600,-0.1300,-0.3200,146.8125,-79.1875,-7.8125,-0.0700,0.3500,-2.2700
103.6875,2.9375,-0.1250,0.0300,0.1200,-1.3500,104.6250,4.3125,-1.7500,0.6300,1.8300,7.7400,104.8750,4.6875,1.3750,-0.4400,1.1900,10.7500,105.5000,-5.5000,2.0625,9.6000,2.5200,20.3800,109.0000,-49.8125,3.2500,14.4300,-2.2700,-12.3300,109.5625,-77.4375,-2.8750,2.3100,0.4200,-19.8400,109.5625,-75.2500,-7.2500,1.0900,-0.7000,-0.0100,106.8750,-71.2500,-9.9375,0.4200,0.1200,1.4300,104.2500,-70.5000,-11.5625,0.1600,0.2000,-0.1000,100.8750,-68.4375,-8.1250,0.2800,-1.2000,-1.5600
28.2500,13.7500,-3.5000,0.8100,-2.0900,0.8200,32.1875,13.8125,-3.2500,0.0100,-0.9100,-1.7400,34.6250,22.1250,-5.6250,1.9500,4.2000,10.4400,39.4375,7.6250,-3.8750,12.7400,-1.9600,20.5000,37.3125,-33.1875,0.0000,14.5700,-3.0900,-12.4700,31.2500,-58.6250,-15.8125,4.0100,4.0800,-14.2800,30.3750,-56.1875,-23.5000,0.5600,3.9900,0.6800,31.1875,-54.3125,-16.6875,-0.1400,-1.1200,1.9300,31.1250,-54.0625,-11.4375,0.9000,-2.2400,1.2400,30.3750,-53.4375,-11.1875,0.6900,-0.6700,0.0600
14.7500,6.2500,-12.1250,0.7800,-2.4200,-0.5300,16.1875,6.4375,-12.4375,-0.2100,-2.2300,-2.8700,16.1875,10.7500,-13.5000,0.4500,-0.0900,0.3300,14.8750,12.5625,-15.0625,6.2300,6.5200,21.0500,18.0000,-19.7500,-4.1250,15.2400,-3.8200,4.8000,19.3125,-59.1875,-12.0000,8.0600,-2.6200,-23.1400,16.8125,-66.3750,-28.3125,1.1200,0.4800,-5.7100,18.1875,-61.6875,-25.7500,0.5700,-2.3500,0.2400,19.4375,-58.1250,-24.1250,0.5500,-0.5500,0.7700,20.0000,-55.5000,-23.3125,0.7100,-0.5800,0.4000
343.6250,16.3750,-23.8750,-0.2100,-1.2700,0.4000,344.6875,19.9375,-26.0000,0.3900,-2.7600,-0.3900,343.9375,22.3750,-28.5625,5.5900,5.4900,18.4100,344.4375,-3.3750,-23.5625,13.7500,-2.6900,7.3300,344.3750,-42.3125,-20.7500,8.6900,-10.3400,-15.0300,341.6250,-53.6875,-28.4375,1.8300,-0.9100,-5.7600,341.0000,-52.8750,-32.9375,0.7800,-0.6100,-1.8100,342.8125,-50.6250,-31.2500,-0.0500,-0.7800,2.0300,344.0625,-50.6875,-30.3750,0.1300,-0.7500,0.2800,345.0625,-50.2500,-30.0625,1.0000,-0.5800,-2.5500
51.8750,-2.4375,-5.2500,0.5600,-0.5700,-0.6900,51.1875,-1.2500,-5.4375,0.2400,-0.5700,-0.3200,50.2500,0.8750,-3.7500,-0.2100,0.8900,0.4000,50.6875,7.1875,2.0625,5.1500,0.1000,17.3300,51.5625,-10.5625,7.8125,16.9100,-2.3900,7.5000,48.2500,-59.9375,2.5625,3.5700,1.8000,-19.9900,48.3125,-70.8125,1.7500,1.0600,0.9700,-5.3100,51.3125,-70.4375,6.6250,0.6600,-1.6000,-0.5700,52.1250,-68.6250,6.0000,0.4000,-1.1400,1.4900,53.3125,-65.9375,3.1875,0.3100,0.2400,0.7700
60.6250,1.4375,0.8750,0.2000,-0.2700,-0.0400,60.4375,1.8125,0.3125,0.3300,-0.4800,-1.7200,59.0625,8.9375,0.9375,1.0800,0.9900,3.3500,59.0625,12.2500,-0.1875,6.8900,0.6800,17.9300,61.8125,-15.4375,-0.4375,10.6600,-2.5200,-0.3300,61.0000,-47.8750,-4.8750,4.2700,-0.6900,-16.0100,61.9375,-56.1875,-11.2500,1.9100,-0.1700,-7.0700,65.0000,-52.6250,-12.7500,0.3400,0.0300,2.3300,67.5625,-49.8125,-12.1250,0.1100,1.1400,1.7200,67.8750,-49.3125,-14.2500,0.4900,1.3400,-0.4100
141.6250,5.0625,-6.3750,-0.3300,0.6500,0.5100,142.3750,5.6250,-6.3750,-0.6200,-0.2100,0.1200,141.2500,7.8125,-2.6875,0.3700,1.8100,12.5000,142.5625,-9.6875,-1.1250,10.6500,3.8200,14.2300,147.6875,-47.5000,4.6250,12.5900,-2.0100,-9.5200,148.4375,-74.6250,4.9375,3.6200,1.3200,-16.1700,149.1250,-72.2500,-3.1875,0.5300,1.4300,-1.6800,151.0625,-66.5000,-3.5000,-0.3500,0.8400,1.7600,152.4375,-65.0000,-3.3125,-0.1700,0.0000,-0.1000,152.8750,-63.8125,-5.3750,-0.1200,0.2800,-0.3300
219.1875,10.0000,-5.1250,-2.0000,-1.6500,1.0000,219.0625,10.3125,-5.2500,-1.5300,-1.2300,-0.4500,218.5625,12.0625,-5.5625,-2.4700,0.1400,4.0800,219.0000,10.5000,-4.1250,3.3800,-0.9400,18.5300,221.5000,-17.3750,-2.6875,13.6000,-3.5000,2.0200,221.8750,-57.6250,-2.6250,9.7500,-1.0600,-10.4100,220.0000,-76.1875,-8.5625,3.6400,-0.1500,-11.6800,219.3750,-74.6875,-12.6250,1.1300,0.1900,-2.5500,219.5625,-68.0000,-10.4375,-0.1500,0.4100,1.5100,219.6250,-63.6875,-10.1250,-0.2300,-0.8000,-0.4800
291.0625,5.9375,-6.8750,-0.1100,-1.3700,0.9400,292.8750,7.3750,-7.1875,-1.1800,-0.6200,-0.1400,294.5625,8.4375,-6.2500,2.9000,-0.1000,17.6800,294.0000,-10.5000,-1.5000,8.6300,0.4500,7.6800,290.3125,-45.3125,7.5000,11.8600,1.6400,-5.1800,288.3750,-70.9375,20.5625,5.3500,-0.2000,-17.8500,286.5000,-72.8125,19.0625,0.4000,-0.0900,-3.2700,285.2500,-68.7500,12.2500,-0.6600,-0.8600,1.7200,285.1250,-68.1250,9.6875,-0.5200,-0.9000,-0.6800,285.1875,-66.9375,6.5000,0.2200,-0.8100,-0.9000
218.6250,5.1875,-6.2500,-0.5700,-0.9100,-0.6800,217.0000,6.6875,-6.6250,-1.6600,0.1300,-2.0900,215.8125,14.3750,-6.0000,0.6900,3.8400,16.5000,216.7500,3.5625,-0.8750,12.2500,-2.1700,17.0700,215.0625,-36.8125,0.7500,14.3300,1.4400,-11.0600,212.8125,-71.0000,1.3750,3.3300,1.1700,-18.5900,213.0000,-71.8125,2.0000,1.0800,-1.3300,-1.6100,212.5625,-66.7500,-5.5000,-0.6500,-0.2300,0.7200,211.0625,-64.4375,-10.8750,0.0000,-0.4800,-0.6400,209.1875,-61.5625,-11.6875,0.0300,-1.0300,-2.9400
162.1875,5.6250,-3.8750,-0.6300,-0.9200,0.5500,161.1875,6.6250,-3.8125,-0.2400,-0.5000,-0.1000,160.4375,8.0000,-0.7500,-2.1600,0.0400,4.1300,161.0000,-1.0625,-2.3125,9.2200,1.5300,17.4400,162.7500,-41.6250,-3.4375,11.6600,-1.9300,-9.7500,160.1875,-68.9375,-12.0000,3.9000,0.7300,-17.5200,161.4375,-69.8750,-17.9375,1.4700,0.9600,-3.9700,162.0000,-63.0625,-16.1250,-0.3500,0.2400,3.1700,162.0000,-61.3750,-17.0000,-0.1900,0.7200,0.1100,162.1250,-61.3750,-17.8750,0.6400,0.8900,-2.4500
106.8750,2.3125,-5.3750,-0.1400,-0.3700,0.1300,106.3750,2.1875,-5.0000,0.3400,0.3100,0.1200,106.0625,1.6875,-4.4375,-0.3900,-0.2800,0.1900,105.7500,0.6250,1.5625,1.4800,-3.1700,11.2600,106.6250,-21.6250,0.5625,13.2900,-2.1100,10.3600,107.8125,-60.3750,-2.1875,9.7800,-3.0800,-20.9100,107.6250,-68.6250,-8.0000,1.4800,-0.3800,-8.0200,107.6875,-63.6250,-5.4375,-0.1300,-1.4600,-0.1800,107.1250,-60.8125,-4.6250,-0.7500,1.0200,0.3400,106.0625,-59.3750,-5.3125,-0.5200,0.8700,-0.6900
60.6875,1.6250,-2.2500,-0.0900,-0.3100,-0.8200,59.6875,4.0000,-3.8750,-0.1700,-0.3400,1.6300,59.9375,6.5625,-5.7500,3.4500,6.1700,18.9000,62.5625,-7.9375,1.7500,9.2000,1.5100,10.1200,65.5000,-41.0000,9.5625,9.1600,-0.2900,-8.0900,63.5625,-64.7500,14.7500,1.4800,-0.3400,-15.4000,63.0000,-66.7500,12.8125,0.4100,0.2900,-3.3400,62.8750,-63.1875,10.3750,0.0500,-0.2600,1.9900,62.7500,-61.3125,9.8125,0.0700,0.4300,1.1800,62.1875,-60.3750,8.6250,-0.0500,0.8200,-1.6300
333.5625,13.3750,-10.1250,0.4600,-0.0400,-0.8100,329.0000,14.3125,-11.0625,0.3800,1.4900,-1.2600,329.5625,13.3750,-13.3750,4.3900,1.4800,13.7100,331.2500,-3.1875,-11.9375,5.3100,-5.2500,6.8800,327.8125,-29.2500,-22.3125,8.7000,-1.9100,-0.7300,324.6875,-53.6250,-31.5000,5.6300,-0.9900,-16.2400,327.6250,-56.3750,-36.3750,1.0800,1.4400,-4.1600,331.2500,-52.3125,-30.6250,-0.4200,-0.3300,3.9100,331.3125,-51.9375,-28.6875,0.4400,-0.5400,1.5100,330.0625,-51.6250,-28.0625,0.2100,0.4000,-0.1600
304.5625,10.6875,-10.9375,1.0300,-1.1500,1.2400,307.8125,7.2500,-16.1875,5.9900,5.2700,18.6200,313.1250,-19.5000,-16.5625,6.4900,-4.3900,-0.9900,317.9375,-43.8125,-24.0000,7.1200,-4.0000,-2.4600,321.8750,-63.5625,-36.6875,0.7200,-4.7200,-11.9100,325.8125,-66.9375,-38.6250,-0.2700,-3.6800,-4.9200,329.6250,-64.3125,-32.1250,-0.2700,-0.3900,2.2800,332.5625,-62.6875,-26.3125,0.4300,-1.0500,0.4100,333.7500,-60.8125,-22.6250,0.8700,0.6400,-1.9900,336.8750,-56.3750,-15.3750,1.1800,-1.0700,-2.4400
16.4375,15.0625,-4.8750,0.2800,-1.4800,-1.4500,16.6250,13.7500,-4.9375,-0.1900,-0.2600,-2.5700,18.2500,9.8125,-4.5625,8.5800,1.3800,17.9700,20.8750,-20.5625,-3.2500,9.6300,1.4500,-2.4200,21.0000,-45.5625,-4.6875,5.4400,-1.9800,-9.0300,22.0000,-57.8125,-13.5000,3.4600,-0.7700,-7.0300,23.3750,-60.7500,-15.7500,0.8000,2.0100,-4.2000,26.3125,-57.1250,-11.8125,0.7400,1.9200,0.6200,29.6875,-51.5625,-8.0000,1.9700,1.9100,-0.4000,34.1875,-43.3125,-4.4375,1.6200,0.1500,-2.9400
73.1250,13.8750,1.3750,-0.5100,0.4600,-0.5400,76.3125,16.5000,6.0000,3.5300,-0.9700,15.2200,79.3750,-1.8125,9.9375,7.3800,0.2500,5.9600,81.0625,-30.8750,12.3750,10.3300,-0.0100,-6.4900,80.1250,-57.0000,8.3750,2.5800,3.3600,-13.1100,81.3750,-63.7500,8.1875,1.3300,1.2900,-6.0800,81.8750,-60.5625,5.0000,0.3300,1.4300,-2.7300,83.0625,-52.3125,4.8750,0.8600,1.7000,-0.8700,84.1250,-41.5625,6.1875,0.6000,0.0500,0.8200,85.2500,-35.3125,6.7500,-0.0400,1.2500,2.5000
128.6250,21.6250,6.6250,3.7600,-1.1000,19.8700,133.0000,0.3750,4.3750,9.3200,-1.4700,2.2700,134.5625,-27.6875,4.0000,5.4000,-2.4100,-11.3800,135.2500,-44.5000,0.9375,0.7400,-1.1700,-9.9900,136.3750,-47.6875,-0.5625,-0.3700,-0.1400,-6.0800,136.9375,-46.1875,-3.3125,-1.1300,1.3800,-3.0000,138.0000,-43.1250,-4.5625,-0.8300,0.2900,-0.5300,139.6250,-40.3125,-6.0000,-1.1600,1.0000,0.0100,142.6250,-37.3125,-6.5625,1.0300,0.9100,0.3800,148.3750,-33.7500,-7.0625,1.7500,-1.2100,-2.2000
204.3750,14.0000,-10.8125,-2.1200,-0.6400,-0.1500,204.1875,19.6250,-10.2500,-0.2300,1.0400,8.3100,208.3750,11.5625,-9.3125,11.1800,-3.1400,17.2400,211.4375,-23.4375,-3.4375,14.9100,-3.5000,-6.6400,207.2500,-63.0000,-9.8750,8.2700,0.0800,-15.5600,204.0625,-76.2500,-29.6250,2.9000,-0.9900,-12.1900,206.9375,-72.6250,-28.1250,1.1000,0.1000,-3.8400,211.3750,-61.8125,-18.5625,1.4900,0.0400,-0.6500,215.3125,-50.6250,-16.1875,-0.0500,-0.0200,2.3900,217.6250,-41.2500,-17.3125,0.0800,1.6800,1.3700
274.3125,8.6250,-14.1875,-0.3800,-2.6900,0.6900,275.1250,9.8125,-13.4375,-2.0800,-1.9100,8.1300,275.8125,1.1875,-5.5625,13.6300,-1.1100,14.3700,274.8750,-35.0000,4.0000,11.3700,0.6500,-5.0300,272.5000,-67.4375,12.0000,6.2700,0.6300,-14.7200,272.9375,-76.1875,16.2500,3.2400,-1.2600,-11.0300,277.3750,-70.3750,4.5625,1.7600,-1.5800,-5.4000,280.2500,-55.6875,-2.6875,1.7500,-0.9000,2.1700,282.4375,-42.1875,-5.6250,1.5100,-3.2300,4.0100,281.0625,-33.0625,-7.6250,0.5200,-2.2300,1.5700
324.8125,-1.3750,-9.7500,1.1900,-2.6800,1.0500,322.3125,-0.8125,-6.1875,0.9200,1.3200,10.6400,320.2500,-9.8750,5.6875,8.4300,2.6300,12.9100,320.5625,-36.5000,19.3125,6.9800,2.5200,-7.4800,322.8125,-55.8750,33.9375,4.3900,-0.8800,-9.6500,323.1250,-63.9375,39.8750,1.1100,-0.1900,-5.7000,322.3125,-64.0000,33.0000,0.7900,-0.5500,-1.4300,320.8125,-60.0000,22.3125,1.9300,-1.4700,-2.3900,319.5000,-52.3125,10.1875,2.3400,-1.8400,-2.5700,314.2500,-37.2500,1.2500,5.5400,-6.3300,1.3900
212.4375,17.3125,-5.5000,1.6400,-0.2100,10.3600,211.0625,3.3750,-4.3750,9.8000,-0.2200,15.7700,213.7500,-33.3125,-7.1875,11.5700,-1.6000,-3.8000,214.0000,-71.0625,-15.6250,7.3100,-0.0600,-15.0400,214.0000,-83.5625,-3.5000,2.6600,-1.6000,-10.0200,215.2500,-80.0625,-24.3125,2.7000,-2.2900,-4.9800,214.8750,-66.2500,-19.2500,2.1900,-2.6500,-2.7800,212.1875,-49.5625,-18.6250,1.2400,-0.1800,0.8200,207.0625,-31.1875,-11.6250,2.2900,-4.3000,3.9700,199.8125,-19.7500,-11.5625,-0.7500,-1.5800,-0.8500
178.2500,11.8125,-17.3125,-1.5100,-0.7600,0.3700,175.8125,16.9375,-13.6875,-1.5800,5.3500,12.2400,179.8125,4.3750,-4.7500,10.0700,-2.3100,8.5100,178.8750,-30.8750,-4.2500,8.8000,-3.0700,-8.7400,175.5000,-54.5000,-12.8750,2.3500,-0.9100,-16.5300,175.2500,-56.4375,-18.6250,-0.1500,-0.2700,-6.0200,176.8750,-51.7500,-16.8125,-0.4100,-1.0200,0.3900,176.8125,-49.7500,-17.2500,-0.7400,-1.2800,-3.0900,174.5625,-45.0625,-19.3125,-0.3800,-0.6900,-5.9700,171.9375,-34.3125,-19.9375,0.4100,-0.1300,-5.3700
82.0000,-0.6250,9.0625,-4.6300,1.2600,4.6400,79.6250,3.3125,6.1875,3.2100,4.4500,17.3900,83.1250,-16.8125,2.6250,13.5400,-1.2900,0.7100,88.4375,-52.5625,0.4375,5.4900,0.0500,-13.1300,92.3750,-63.0625,3.8750,1.2500,-0.2900,-6.9300,93.1875,-62.0625,2.5625,0.5900,0.5300,-1.1300,92.9375,-58.1250,0.7500,-0.0400,1.3100,-0.1700,91.8125,-55.1875,1.2500,-0.5100,-0.6600,-2.5800,87.8125,-47.2500,0.1875,1.8900,-0.5500,3.7300,77.1250,-43.3750,-3.3750,1.4000,1.4100,-0.2200
32.1250,1.8750,-0.7500,0.6600,1.4500,-1.7700,34.2500,7.6875,-2.8750,5.9000,-0.7200,23.5700,31.8750,-11.0625,-0.3750,10.5600,6.7100,12.1900,33.1875,-48.0625,5.0625,10.5200,0.2900,-8.9700,35.3125,-70.2500,1.3750,2.0900,2.5800,-10.1500,34.6875,-74.1875,5.6250,2.0400,-0.0600,-3.2600,33.3750,-73.0000,3.3125,1.4400,0.8800,-1.4500,33.3750,-68.0625,0.6875,1.6800,1.3200,-1.6900,32.5625,-59.2500,0.2500,1.6400,-1.3000,-3.8000,28.7500,-44.0625,0.7500,4.1400,0.0900,3.8300
349.0000,0.8125,-14.6250,0.9300,-0.8900,-1.3900,352.0000,6.3125,-15.4375,4.8000,1.1900,15.2100,350.3750,-14.5625,-12.8750,11.2100,3.4900,12.6700,350.5000,-50.6250,-12.1875,10.4000,-6.1800,-12.8000,346.4375,-65.5625,-29.0625,4.6300,-2.2200,-11.2500,343.6875,-61.6250,-36.0625,0.1600,1.7500,0.0000,344.6250,-57.6250,-28.8125,1.0500,-1.1800,5.7900,340.8125,-57.0625,-26.4375,1.2700,-2.3600,0.5900,335.6250,-54.9375,-27.8125,1.6200,-1.2300,0.0000,332.3750,-50.1250,-29.5625,1.6800,-0.3600,-0.8900
310.1875,7.2500,-28.5625,1.1800,-0.6500,-0.4700,312.1250,6.0625,-33.3125,9.0700,12.7200,27.0200,311.4375,-29.1250,-20.9375,13.4100,-6.6600,-1.4800,302.6250,-58.4375,-37.1875,6.3000,-4.8500,-11.0400,297.0625,-61.6875,-58.9375,1.8100,-3.2000,-5.7100,294.3750,-58.0000,-60.8750,0.0500,-1.8900,-3.2000,294.8125,-52.6875,-55.9375,0.2200,-0.6700,4.0600,295.3125,-50.8750,-55.8750,0.6500,0.2500,3.5700,295.3125,-52.6250,-55.3125,0.5300,-2.6900,-2.2600,296.5000,-49.3750,-50.6250,1.4800,-1.8700,-1.1200
28.6250,-10.3750,1.5000,1.3600,-1.0300,-0.2200,28.3750,-7.5000,-0.7500,1.1500,2.2300,1.8100,29.5625,-4.6875,-3.5625,5.3700,4.0600,16.6200,35.6875,-24.6250,9.8750,13.3000,-2.9500,8.6900,39.2500,-58.2500,23.3125,5.9100,1.9700,-20.1600,40.8125,-70.1875,35.0000,2.4800,-1.2500,-8.5100,40.3750,-65.9375,23.4375,-0.2800,1.8500,1.3800,40.7500,-60.6875,19.4375,0.1900,0.7000,4.2800,40.6250,-60.1875,18.0000,0.6500,1.7800,-0.1300,41.9375,-57.6250,16.6250,1.4900,1.0600,-0.6800
145.2500,14.1250,-5.1250,-2.1300,-0.5900,0.3900,142.0625,17.8750,1.6875,-2.8300,3.4600,5.1500,145.5625,5.3125,-2.5625,8.1900,1.3200,15.1800,151.1875,-28.3750,-2.9375,8.3800,-4.4700,-10.4800,154.1875,-52.5000,-7.2500,2.1200,-0.9000,-13.7900,156.4375,-52.3125,-10.8125,1.2400,-0.6700,-4.9400,159.5000,-47.0000,-13.1875,-0.0900,1.2600,0.8500,164.1875,-43.2500,-14.2500,-0.8100,0.5000,0.5400,170.2500,-41.1875,-14.6875,-0.8600,-0.9600,-2.3000,177.4375,-36.2500,-16.4375,0.7700,0.8900,-2.1500
236.0000,19.2500,-17.0000,-1.5000,-1.2900,0.0000,236.6875,21.1250,-17.3125,0.1800,3.0500,14.4500,240.1875,8.9375,-14.0625,6.3400,-0.9700,10.4900,241.3125,-17.1250,-10.5625,8.6200,-2.9800,0.4500,240.6875,-45.1250,-11.8125,7.7900,-2.5300,-7.5700,239.5000,-64.6250,-21.4375,2.5000,-1.4900,-9.8200,238.0625,-67.2500,-27.1875,1.0500,-2.1700,-7.1000,238.6875,-62.4375,-29.5000,-0.5100,-0.4100,-0.1700,240.6875,-59.0625,-29.2500,-0.6900,-2.2200,1.1800,241.5625,-56.9375,-29.3125,0.8000,-2.9900,-1.9200
305.1250,1.0625,-17.0000,-0.0100,-0.5800,-0.7500,306.0625,2.6250,-16.1875,0.3500,0.1900,6.6100,308.1875,-1.5000,-5.6875,8.5500,-0.9300,12.2000,306.2500,-25.6875,4.3125,8.8600,0.8200,-0.3800,304.5625,-53.0000,12.9375,6.8600,0.0200,-7.3300,302.5625,-69.9375,22.8125,2.4600,-1.7600,-9.1300,299.1250,-74.5625,17.7500,0.4400,-0.1500,-1.9100,298.1875,-72.8125,10.8750,0.7500,-1.7200,1.4400,298.1250,-70.7500,5.0000,0.7100,-2.4700,-1.9500,298.7500,-65.0625,-2.4375,1.8100,-2.8700,-2.4600
209.7500,23.6875,-11.8750,-1.6000,-0.4500,1.9500,210.6250,24.6875,-12.8125,2.2900,-0.0300,19.6100,210.1250,3.5625,-8.8125,8.9300,-2.2200,3.3900,204.4375,-31.2500,-9.5625,7.8400,-1.5000,-8.5300,199.2500,-52.1875,-18.9375,3.8100,-0.6000,-14.0200,198.9375,-56.1250,-24.4375,0.2000,-1.8500,-5.8700,200.2500,-52.0000,-24.1250,-0.6000,-1.0400,0.9000,200.3750,-50.8125,-24.1875,-1.1600,-1.2000,-0.9800,199.5625,-48.5625,-25.8125,-0.5900,-2.0800,-4.3200,197.8750,-41.8125,-26.3125,-0.7400,-1.0700,-3.2800
167.8750,18.6875,-9.3750,-2.0400,0.3800,-0.2500,167.4375,26.1250,3.2500,-3.2400,0.3300,2.0200,169.6875,33.5000,16.2500,8.0800,-8.1100,23.1400,173.6875,2.6250,3.5000,10.5300,-3.7700,-2.1600,174.7500,-37.8125,-9.7500,4.3800,-0.1300,-14.9600,176.7500,-57.2500,-18.7500,1.2200,-1.1300,-11.1900,178.2500,-56.6250,-21.8125,-0.1100,-1.0500,-3.2400,180.3125,-51.8125,-21.3125,-0.2300,-0.8100,2.1100,181.3125,-51.0625,-24.3750,-0.5100,0.2500,-3.1800,180.9375,-45.8125,-28.1250,-0.9900,2.5600,-2.6400
215.8750,18.0625,-13.3750,-0.3500,-2.3200,3.1900,215.5625,14.2500,-14.8750,-2.0000,-2.5600,-3.0000,214.4375,21.1250,-17.0625,-3.6500,0.0500,1.7000,220.5000,23.1250,-7.8750,17.4400,-10.3100,24.9100,218.0625,-20.6875,-5.5625,14.2000,-0.3400,-10.0700,213.3750,-56.9375,-8.6875,7.0400,-2.2400,-13.0400,208.9375,-69.1875,-28.1875,1.6500,-0.4900,-11.7100,206.0625,-64.9375,-33.1250,0.4200,0.0900,-2.7700,205.8750,-59.2500,-31.0000,-0.7800,-0.8000,0.6000,205.8125,-55.1875,-28.0000,-0.3900,-1.3400,0.6800
71.4375,14.8750,3.8750,-0.2400,0.2000,-0.7900,72.0000,15.6250,3.9375,-1.2500,1.0900,-1.8500,72.2500,20.3125,3.2500,6.4100,0.8900,20.6800,72.6875,-0.1875,5.9375,13.9700,5.2100,12.7000,82.2500,-40.6250,9.9375,13.4500,-3.7600,-13.5500,86.7500,-63.3750,17.0000,3.5300,-1.2700,-15.7100,87.2500,-60.5000,6.6250,0.4600,1.6800,-0.8300,86.9375,-58.0000,5.8750,-0.4100,1.1500,0.2800,85.3125,-57.1875,7.2500,-0.8400,1.6200,-0.5600,81.8750,-58.0000,8.5000,-1.2000,1.0300,-1.8700
6.6250,0.6875,-6.5625,0.1900,-0.4300,-1.5000,8.6875,1.8750,-4.9375,-0.1100,-0.1900,-1.1300,7.6875,2.2500,-6.5625,5.7800,14.0400,23.1900,15.1875,-27.1875,3.3125,18.5500,-2.9600,3.1400,24.6250,-68.5000,16.8750,9.7000,-5.8400,-17.4800,22.1250,-78.1875,19.9375,2.4600,-1.6900,-7.1000,17.0000,-74.9375,4.9375,-0.3200,1.1400,2.3700,16.1875,-72.6875,5.5000,0.8500,0.1900,3.8700,15.6875,-72.8750,1.3750,0.5200,1.4000,0.3900,15.9375,-71.6875,-1.5000,1.0800,0.9200,-1.6600
331.1875,5.5000,-16.6875,0.8700,-2.6100,-0.6500,335.0000,6.7500,-17.2500,0.7900,-2.8400,0.8400,334.4375,-3.6875,-18.6875,8.5100,3.9300,19.2100,332.7500,-37.9375,-25.1875,14.1800,-2.8600,-4.2900,331.7500,-66.3125,-42.6250,9.8300,-5.6500,-10.6800,331.8750,-76.4375,-61.3125,1.5800,-3.8500,-6.1000,331.9375,-74.6250,-56.1250,0.7000,-1.0400,0.1100,331.9375,-72.0625,-47.5625,0.3200,0.3600,3.7500,331.2500,-71.5000,-45.8125,1.5700,0.1900,-0.0300,329.5000,-68.8750,-36.5000,1.6200,-1.8200,-0.8600
52.1875,-2.3125,7.4375,0.3800,-1.2100,-0.6700,52.2500,-2.2500,8.1875,-0.2700,4.0500,4.0800,55.4375,-5.8125,14.3125,7.4200,2.7300,22.6000,60.0000,-36.5625,21.8750,13.1100,1.6200,-2.8200,65.0625,-64.7500,35.8125,5.4000,-0.8900,-12.4300,65.8125,-75.6250,49.5625,1.0300,1.1000,-7.1000,65.5625,-76.3125,37.7500,0.8400,2.8500,-2.9000,66.6250,-70.3750,24.8125,2.1000,2.1400,0.3800,69.4375,-60.1875,20.4375,0.7300,0.7000,3.0800,72.0625,-52.6250,20.1875,0.0700,0.6000,1.6100
173.1875,12.5000,-10.5000,-3.3500,0.1100,-4.3100,173.3125,17.5625,-9.7500,-1.9800,-0.5000,9.4900,174.0000,1.1250,-7.5625,8.7900,-0.6400,13.2300,173.1875,-34.0000,-5.8750,10.9000,-1.7100,-7.9900,171.4375,-60.0625,-10.7500,3.6100,-1.3800,-15.5700,171.3750,-63.8750,-18.9375,-0.2000,0.6300,-5.7000,172.8125,-61.0625,-19.4375,0.0500,-0.8500,-1.9200,174.8125,-58.3750,-20.4375,-1.0800,0.5200,-2.9500,177.6875,-53.4375,-17.7500,-0.2300,-0.9200,-2.0000,181.3750,-47.0000,-15.6250,-0.3800,-0.9400,-1.2900
244.0625,4.8750,-15.4375,-1.6900,-3.0900,-0.7900,244.3125,10.5625,-14.8125,-1.5200,-2.7500,4.2000,243.0000,11.3125,-10.9375,6.3300,-2.9600,20.7900,239.2500,-14.3125,-5.8750,16.9400,-0.0600,8.0700,238.0625,-58.1875,-10.8125,12.1600,-1.3400,-15.1000,234.3750,-80.3125,-46.6875,2.8400,-2.2100,-13.8000,231.7500,-77.0000,-49.5625,0.7100,-0.4200,-1.3300,231.9375,-73.0000,-41.9375,0.0000,-2.0500,0.6300,232.8750,-71.2500,-38.2500,0.1000,-2.3100,0.1700,233.7500,-69.7500,-34.2500,-0.1900,-1.5200,0.4500
292.4375,0.1875,-10.7500,-0.2300,-1.4900,-1.3600,292.9375,2.0000,-11.8125,-0.2200,-2.0400,1.6400,293.3125,4.5000,-7.2500,4.5800,-3.3000,15.6800,289.6250,-15.1875,3.0625,12.9100,-0.1600,9.0600,288.8125,-54.3125,6.6875,12.6300,1.6400,-8.9800,292.5000,-80.1875,34.7500,4.3400,-3.3100,-13.4600,290.0625,-77.8750,24.3125,1.4300,-1.3400,1.8800,288.5625,-76.1875,11.5625,-0.2700,-1.8400,0.3700,287.5625,-74.2500,3.0000,0.5100,-2.1200,-0.5600,286.7500,-70.8125,-6.8750,1.1500,-2.4800,-0.8900
270.0000,1.3125,-13.3125,-0.2000,-1.1400,-0.2100,270.0625,1.9375,-13.5000,-0.4100,-1.9900,-0.7900,270.8125,6.2500,-13.1875,-1.6400,-1.7000,4.8700,270.7500,11.6875,-3.9375,11.4200,-6.4600,16.3200,263.5000,-20.8125,-2.1875,16.1000,-0.9400,-2.5000,257.6250,-63.2500,-17.6250,10.1800,1.4800,-17.1800,253.3750,-76.4375,-35.8750,0.8000,-2.1300,-9.2400,252.5000,-72.1875,-26.3125,0.3700,-1.1700,2.9300,250.4375,-70.2500,-25.6875,-0.2500,-2.7500,0.1000,245.9375,-67.8750,-30.9375,1.0000,-2.9000,-3.1300
225.4375,20.8750,-7.1250,-1.6900,-1.8900,-0.8700,224.5000,25.8125,-6.7500,-1.1600,-0.6600,4.9200,226.9375,22.2500,-5.4375,6.9900,-4.6200,16.8000,228.0000,-10.7500,-5.3750,10.3200,-4.4500,-2.3000,225.3125,-47.4375,-12.9375,8.5600,-3.3500,-12.7400,220.8750,-65.7500,-30.5000,2.6000,-0.2800,-10.7200,218.4375,-66.0625,-33.1875,-0.6600,-0.1500,-2.0400,219.0000,-63.6250,-31.0000,-0.9200,-1.0700,0.7800,219.4375,-63.0000,-30.1250,-0.3600,-1.3600,-0.9800,218.4375,-61.5000,-29.2500,-0.3700,-1.5100,-2.3600
198.8750,18.0000,-7.0000,-1.3600,-1.2500,-0.3800,199.2500,19.1250,-7.1250,-2.5100,-0.4700,-0.2900,201.5000,23.8125,-6.1875,3.2700,1.5800,25.9700,204.2500,-0.8750,-2.0000,12.8400,-3.6700,4.9000,198.7500,-40.5000,-6.1875,10.3200,-1.3700,-14.9400,190.3125,-59.1875,-21.8750,2.3600,0.9700,-14.2900,189.1875,-55.0000,-22.8125,-0.0100,0.9000,-1.5500,189.9375,-51.1875,-20.3750,-1.7200,-0.2400,1.2800,189.3125,-50.4375,-19.7500,-0.9100,-1.0000,-1.6300,188.2500,-49.8125,-20.0000,-0.3900,-0.8400,-2.4000
133.7500,15.1250,2.9375,-1.6500,1.4000,-0.2200,133.6875,17.2500,3.1875,-1.3200,0.4500,2.8700,130.6875,16.6875,5.6875,4.3600,5.2600,23.8100,135.8125,-14.1875,7.5625,15.4500,-4.6200,-5.6900,144.3750,-54.8750,10.0625,5.7700,-4.8500,-19.6300,144.3750,-60.5000,-1.5000,1.0100,0.9600,-5.8200,141.5000,-55.4375,-4.7500,0.0000,1.3300,0.8600,139.3125,-53.5625,-4.6875,-0.8000,2.0400,-1.7400,137.8125,-52.2500,-1.9375,-0.4100,1.4800,-1.8600,135.6250,-50.0000,1.6250,-0.1000,0.9900,-1.9600
51.9375,-0.6250,6.5625,0.5900,2.5600,-0.2900,54.5625,6.0000,6.6250,-1.6000,-0.1700,-2.7700,53.5625,10.0000,4.0625,8.0100,3.9900,20.5500,56.2500,-26.3750,10.0000,15.3100,0.9400,1.3200,61.3750,-59.5000,25.6875,8.1900,-3.2700,-9.3200,63.8125,-66.2500,37.7500,-1.1000,2.7500,-6.4200,63.0000,-68.1250,35.0625,1.0000,2.4400,1.9500,61.0000,-68.6875,28.8750,0.5900,1.5200,0.2600,58.8125,-67.3125,23.1875,0.8900,2.7600,-0.4200,59.6250,-62.2500,18.6875,1.7600,2.4600,-1.2300
17.4375,-2.6250,-4.5000,0.3400,-0.4300,-1.8100,18.5000,-0.6250,-4.3750,-0.4600,-3.1400,1.8600,13.2500,-12.4375,-2.8125,12.4600,10.6600,22.4700,17.6875,-54.5625,8.8750,17.2300,-5.6400,-7.6200,20.5625,-84.0625,4.0000,4.6500,-1.5600,-11.8900,21.6250,-86.9375,2.9375,1.2300,-0.0700,-1.3900,20.8750,-87.8125,1.7500,0.0000,-0.0900,-0.2900,20.1875,-85.5625,2.3750,0.4500,-0.3100,1.5000,18.9375,-83.0000,21.3750,-0.0300,-0.1100,3.2000,18.2500,-81.1875,13.6250,1.1800,-1.7300,0.6400
346.1875,-7.4375,-19.2500,1.3300,-2.0900,-0.8200,349.5000,-2.6875,-20.7500,1.8400,-5.2200,-0.2400,344.6875,0.5625,-22.1875,6.5800,12.4300,23.7500,346.4375,-27.7500,-16.3750,20.0100,4.8100,20.7800,350.8750,-76.0000,-32.8125,10.2300,-2.0800,-28.3100,355.5625,-83.1250,-173.1250,3.2400,-1.4600,-5.4500,356.0625,-80.6250,-67.6875,0.2500,2.0300,0.1700,357.1875,-79.1875,-45.5625,1.1500,-0.0400,3.5300,357.7500,-77.1875,-33.6875,1.5900,-0.9300,1.3000,356.6250,-72.0625,-26.4375,1.7000,-1.9500,-0.2200
321.6875,4.6250,-32.3125,0.3600,-2.9100,-1.5400,323.9375,7.7500,-34.0000,5.6600,2.6400,13.7600,322.5000,-9.1250,-23.7500,13.0800,9.3600,14.3500,325.5625,-52.9375,-16.7500,11.1300,-7.8700,-9.3400,326.3750,-70.8125,-40.5000,4.9100,-7.0100,-7.5200,324.7500,-70.5625,-59.0625,0.2200,-1.7500,-1.1700,322.9375,-68.3125,-60.1250,-0.2000,-1.7500,1.7000,321.8125,-67.1250,-60.1250,0.6400,-2.1300,0.1900,320.2500,-63.4375,-55.0000,0.8200,-1.0800,0.8400,318.1250,-59.7500,-49.1250,-0.0700,-2.3700,0.9500
44.2500,-19.6250,-1.6875,0.4800,0.4000,-2.1100,43.7500,-17.6250,7.1250,10.6100,2.3200,29.8700,46.3750,-56.9375,28.3750,19.1100,0.0100,-6.1600,49.5625,-78.3750,137.1875,4.4300,-0.0300,-21.4100,47.9375,-78.7500,140.7500,-0.1900,0.8700,-1.7200,46.2500,-81.0625,124.3125,0.0200,1.6900,2.9100,45.1250,-83.4375,173.7500,0.0500,2.8300,-0.5900,47.8750,-81.7500,58.3750,0.9000,0.4100,1.1700,49.3750,-76.3125,34.3125,1.0100,-1.2800,1.8200,50.3750,-70.0625,14.8125,0.6600,1.6500,-0.1800
57.8750,-12.8125,8.7500,0.7100,0.5800,0.8100,61.5625,-21.1875,17.0625,11.2600,2.2600,29.2600,71.1250,-60.0625,44.9375,16.6400,-1.3500,-15.8200,72.0625,-75.0625,95.0000,4.3600,1.0100,-15.0700,69.2500,-77.8125,88.0000,0.0200,1.3900,1.1900,68.0625,-76.5625,66.3750,0.0100,1.2600,3.5200,67.8750,-75.4375,58.6250,-0.1000,1.3200,1.2300,67.6250,-74.3125,50.6875,0.6300,1.0700,1.2200,67.8750,-71.5000,38.3750,1.4600,0.5900,1.4400,69.7500,-65.6875,24.8125,2.0800,2.5200,-1.9500
177.6250,10.1250,-1.0000,1.1900,1.8700,9.6200,180.4375,-8.5000,9.3750,16.9900,-1.9700,13.2000,173.8750,-55.6250,4.6875,9.4100,6.3700,-19.4600,168.3125,-78.5000,-2.2500,1.6000,1.7300,-18.1200,168.4375,-78.2500,-8.6875,0.9000,0.8300,-2.1800,169.5000,-74.5000,-12.8750,0.3200,0.4800,0.5300,170.1875,-71.6250,-19.3125,-0.2600,0.0900,-1.5500,170.6250,-67.8125,-24.0000,0.1000,2.0500,-1.8200,173.5625,-60.5625,-26.1875,1.6100,4.5000,-0.6200,181.5625,-54.5000,-26.6250,-1.3000,2.9900,0.0000
254.9375,3.3750,-20.1875,-1.5500,1.9700,0.0600,262.1875,-10.0625,-3.7500,28.2700,-0.7800,29.4600,253.5000,-68.6875,-1.4375,16.3400,8.9400,-35.6600,236.7500,-84.5625,-175.9375,3.6800,0.1000,-15.0400,231.7500,-79.3125,-126.8125,0.8700,1.0100,-4.9600,232.7500,-78.5625,-106.7500,0.9100,-0.5300,-2.3700,236.5625,-76.5000,-87.4375,0.8000,-0.2300,-0.3200,240.0000,-74.4375,-75.3125,-0.6500,-1.3200,-0.3000,242.1250,-72.1250,-66.6250,-0.4000,-2.2700,-0.1700,246.1250,-70.3125,-63.8750,-0.2500,-1.5800,-1.2400
300.0625,0.0000,-8.3750,-0.3600,-1.7600,-3.0400,304.0000,2.3125,-0.9375,24.0900,-6.3300,29.4200,294.3125,-51.8125,17.5000,24.0000,4.8100,-11.0100,279.0000,-86.7500,2.5625,4.8400,-3.6500,-16.7700,274.1250,-87.6250,-2.2500,0.4000,-0.7000,-2.2500,272.5000,-82.6250,-48.0000,-0.1500,-1.6200,1.3800,272.0625,-82.0000,-51.5000,-0.3600,-1.7700,-0.4500,272.0000,-82.0000,-42.3750,0.1200,-2.8500,-0.9800,270.3125,-80.7500,-26.0000,-0.3100,-3.6300,-0.5700,263.1250,-75.5000,-16.3750,-0.8800,-6.0000,-2.5600
207.2500,8.7500,-10.0625,-1.9500,-0.6900,-1.0100,208.4375,11.8750,-9.0000,8.3800,2.2300,29.4400,208.0625,-21.7500,-2.2500,21.0300,-3.9400,4.8900,195.3125,-66.8750,-22.8125,9.6800,3.7800,-22.4600,192.3750,-78.9375,-48.6250,0.9500,-1.1700,-11.4300,193.0625,-74.7500,-40.0000,-0.2500,0.6300,-0.3100,193.9375,-70.8750,-34.6875,-0.7300,0.4400,0.0900,194.1250,-69.3750,-32.1875,-0.4700,-1.4500,-1.5700,192.3750,-67.8125,-34.2500,0.1100,-0.2000,-2.8900,192.0000,-66.3750,-31.3750,-0.0400,-0.7800,-2.3800
174.1875,6.8125,-8.3750,-2.2300,-0.4000,-0.4200,175.0000,10.1875,-3.8125,14.1800,-0.4500,27.9300,170.0000,-41.4375,3.3125,21.0200,2.7600,-15.5200,159.6250,-78.0000,-13.8750,5.4700,-1.9300,-19.9800,160.7500,-81.6250,-20.7500,0.9100,-0.2500,-8.2700,158.6250,-74.2500,-19.2500,-0.1700,0.2700,-1.1600,155.3125,-69.6875,-24.0625,-0.5700,1.9300,-0.8500,151.3750,-65.8750,-18.0000,0.0700,0.3400,0.5500,148.3750,-62.7500,-11.3750,-0.3800,-0.7900,0.3900,145.6875,-59.6250,-5.0625,0.0700,-0.8500,-2.3400
76.3750,2.1875,1.1875,0.9500,2.1400,1.5600,78.7500,-6.4375,6.2500,16.6100,-6.2700,22.2400,70.0000,-51.6875,-0.0625,10.9000,6.3100,-15.8100,65.5000,-73.5625,-8.8125,4.8400,1.6200,-11.7500,65.1250,-72.8125,-12.8750,1.3500,2.0700,1.1900,66.0625,-69.6875,-11.5000,-0.5800,-0.6200,2.4400,66.7500,-69.1875,-12.0625,0.5600,-0.3200,0.9400,65.7500,-69.2500,-12.0000,0.7600,0.5400,-0.3200,64.2500,-68.1250,-13.3125,0.4600,1.8300,-0.1400,63.3125,-67.0625,-14.2500,-0.2100,1.0700,0.2700
29.0000,-12.0625,-7.5000,0.1100,-0.1900,-4.5400,29.8750,-3.9375,-7.2500,6.7400,5.8100,29.5000,31.3750,-44.3125,3.1250,19.5300,0.3400,-3.2200,30.6250,-81.0625,6.3125,7.2500,-1.8500,-20.3700,29.5625,-86.1875,-1.4375,2.0200,-1.5400,-5.8800,28.5625,-81.3125,-20.8125,0.2300,-0.6000,0.4400,27.5000,-78.0625,-15.0000,0.2800,0.0600,1.0900,26.7500,-76.1875,-13.8750,0.0900,0.8000,0.8100,26.6250,-74.5000,-15.0000,-0.0100,0.3300,-0.2500,25.6875,-72.1875,-15.0625,-0.0100,0.7800,-1.0000
344.7500,-2.6250,-16.7500,0.1100,-0.2100,-0.4800,345.0000,-2.1250,-19.0625,0.0800,-1.4600,-2.1400,346.5625,1.9375,-21.8125,1.3700,-1.8300,-0.1500,348.9375,-0.5625,-27.0625,11.5400,7.9000,24.0500,344.6875,-43.1875,-22.1250,12.9200,0.2600,-11.2000,338.4375,-70.4375,-43.6250,5.1100,-3.8300,-22.0000,338.8125,-68.4375,-40.2500,0.6600,-2.4500,0.2600,339.5000,-62.8750,-32.8125,-1.1200,0.8400,4.8000,340.4375,-63.5000,-32.1250,1.8000,-1.0800,0.3400,340.6875,-64.2500,-32.7500,0.1500,0.0500,-1.5500
40.5625,-12.0000,-3.0625,0.2900,-1.0200,-1.8700,41.5625,-10.5000,-7.1250,0.2000,-0.0600,-1.1700,41.5625,-4.1875,-7.5000,-0.8200,-1.0000,-2.7000,39.4375,4.0000,-0.2500,18.9800,-2.4300,17.0000,43.4375,-57.0625,9.6250,20.4600,-1.9400,-21.7300,48.3750,-77.1875,24.0625,3.7100,-1.7700,-15.2200,47.3125,-63.9375,19.9375,0.2900,-4.7600,7.5500,45.8125,-63.2500,19.3125,-0.1800,-1.4100,2.9100,43.1250,-67.6250,6.2500,0.0300,1.5500,-0.8200,41.8125,-67.9375,-1.9375,0.4900,1.1400,-1.3100
66.2500,-11.8125,-3.3125,0.0500,0.1100,-1.3700,65.8125,-8.8125,-5.8125,-0.3500,0.3000,-1.7200,68.3750,-7.3750,-0.1250,14.5900,6.1600,29.5000,76.0000,-52.5000,20.1250,22.4400,2.1100,-4.8600,77.4375,-76.5000,106.0000,6.4500,-2.1200,-16.5600,72.3125,-78.0000,109.1875,-1.4400,0.9100,-1.7000,72.4375,-78.2500,80.9375,0.7000,-0.2800,0.6700,72.6250,-76.8750,56.0000,0.2400,0.8600,3.0900,72.6875,-73.6250,50.3125,-1.1500,-1.0100,0.5700,71.8125,-71.5000,42.8750,-0.8900,0.2900,-0.6900
79.3125,-10.2500,0.1250,-0.3700,0.3200,-3.1200,80.9375,-2.3750,-2.3750,3.2500,2.0000,16.7600,79.6250,-16.9375,7.9375,15.4000,2.1500,16.5400,74.3750,-62.4375,20.6875,18.2300,-0.6700,-13.1300,71.1875,-84.8750,176.0625,3.3700,-3.1400,-13.5300,73.6875,-85.3125,176.8125,2.2300,0.2800,-1.6300,73.5000,-87.1250,2.1875,0.1400,-0.0900,-0.3100,74.0000,-81.3750,16.1250,0.0200,-0.6700,0.0200,76.5625,-75.3750,7.0625,0.9200,0.0800,-1.3200,78.1250,-65.8750,4.3125,1.1000,-2.6700,2.1200
18.0625,-6.4375,-19.4375,0.3400,0.4900,-0.6200,19.6250,-7.4375,-17.9375,-0.9600,-1.3700,-2.1600,22.6875,-2.7500,-18.3125,0.0400,-4.9600,1.1800,16.4375,-1.8125,-21.0000,15.9900,9.6600,30.0800,6.7500,-53.8750,-22.8125,24.0700,-3.3500,-8.0000,2.6250,-78.3750,-107.6875,9.1000,-3.8800,-23.8200,2.9375,-76.3750,-119.0625,1.8100,-2.4400,-5.1100,5.4375,-78.6875,-90.0000,-0.4000,-2.6600,2.5300,5.0625,-77.8750,-76.1875,0.1400,-1.4100,1.9900,2.5625,-76.1875,-73.5000,0.9700,-1.8200,0.6100
342.4375,3.3750,-26.8750,-0.1100,-0.9100,-0.9000,344.0625,4.3125,-25.3125,0.2700,-0.9100,0.3600,344.5000,5.0625,-25.0000,0.7100,-0.9000,0.9100,347.5625,3.6250,-25.6250,2.0600,-1.8000,6.7100,347.0625,-5.0625,-25.7500,3.3700,2.1700,8.2400,342.8125,-27.6250,-26.0625,6.0500,2.3200,0.2500,341.8125,-56.3750,-30.8125,6.0900,0.6800,0.0800,342.3750,-74.3750,-50.8750,3.2400,-0.3900,-1.4600,345.9375,-78.5000,-115.8750,2.0700,0.3600,-12.4700,350.1875,-80.7500,-124.1875,0.1000,-2.9400,1.3700
34.4375,-14.3750,-9.1250,0.6700,-1.1300,0.1100,34.8125,-14.0000,-7.7500,0.6700,0.0600,0.0700,35.3125,-13.3125,-7.3750,1.0000,0.8500,0.4200,36.3125,-13.0000,-5.1250,0.5200,2.8200,5.5300,38.7500,-18.5625,-1.0000,2.1800,2.9800,7.6700,42.0000,-33.2500,5.0000,5.5800,-0.3300,4.8700,45.5625,-57.5625,11.9375,7.1100,-1.0100,-0.9700,46.9375,-80.6875,24.3125,4.2400,-0.8400,-8.8000,46.6250,-87.8125,178.7500,1.5000,-0.9000,-4.8700,43.8125,-87.0625,-178.1875,0.7600,-0.9000,-0.9300
52.8750,0.3125,1.4375,0.1800,-0.0700,-1.0200,52.8750,1.0625,1.1875,0.6600,1.8200,2.2700,53.5625,-0.1875,2.5625,2.5500,1.3000,9.8800,55.3750,-12.7500,3.1250,9.1200,1.1600,10.9300,58.1250,-44.5625,5.7500,12.4000,0.5400,-4.3200,61.6250,-73.6250,4.9375,0.7100,-0.1000,-14.8800,69.7500,-84.0625,1.6875,-0.3900,-1.7600,-7.8000,70.7500,-81.3125,4.5625,-0.0100,-0.1500,0.1100,69.2500,-78.3750,0.5625,0.4500,0.6900,2.4900,68.9375,-78.0625,-4.4375,-0.1200,1.2900,-0.5100
75.1875,-5.6875,-0.5625,0.0800,-0.2300,-0.0100,74.2500,-6.1250,-0.6875,0.9200,1.3600,4.7700,75.7500,-16.0000,-1.9375,4.6600,3.3700,8.8300,81.3750,-38.4375,-1.0000,10.2000,-0.9200,4.3600,90.7500,-67.2500,1.1875,6.9000,-4.5000,-10.5000,100.5625,-81.7500,-1.3750,2.1100,-4.1800,-12.0000,103.0000,-73.9375,-18.1875,0.3800,1.8500,-1.9400,103.2500,-66.0625,-19.5625,0.4100,1.7300,0.7500,103.8125,-60.9375,-21.8750,-0.1400,3.0900,-1.0900,106.5000,-56.2500,-18.6250,0.6900,-0.1900,2.0300
216.1875,7.6250,-8.0000,-1.4700,-1.1900,-0.8300,215.6875,11.3750,-8.2500,-1.1600,-0.1900,3.6800,217.0625,12.8750,-3.7500,4.4300,-4.6900,18.1800,213.1250,-10.6250,1.5000,11.6700,-0.3900,4.7000,206.3125,-51.5625,-2.9375,14.1100,-0.4100,-13.3500,195.1250,-74.4375,-29.0625,2.5100,-0.6300,-14.0400,193.8125,-69.5625,-31.0625,0.2400,0.8100,-1.7200,194.5625,-63.5000,-22.2500,-0.8400,-0.6300,2.0100,194.5000,-62.3125,-20.3125,-0.5200,-0.8200,0.0200,194.1250,-61.8125,-20.3750,-0.5300,-0.5600,-1.2900
176.9375,-0.5625,-8.6875,-1.3200,0.3000,0.0000,177.1875,-0.5625,-8.7500,-1.5000,-0.5700,0.1100,174.5000,3.6250,-7.0000,-0.8300,0.4700,11.4000,173.3750,-12.6875,-6.6875,8.3100,0.5300,10.4600,174.3125,-50.5625,-9.8750,10.8300,-1.6200,-11.8500,170.6250,-75.3125,-28.1250,3.1900,-0.6700,-13.6600,168.9375,-74.1250,-29.6875,0.9300,0.1600,-2.5700,169.0000,-67.5625,-22.4375,-0.3100,0.0500,4.5100,169.5000,-67.3125,-24.8750,-0.3800,0.0100,-1.3000,169.5000,-66.5000,-25.9375,-0.0800,-0.3600,-1.5400
245.7500,6.8750,-10.3750,-1.0200,-1.2500,0.1500,245.6875,8.1250,-9.1250,-0.9900,-1.0100,-0.2400,246.2500,9.8125,-9.5000,-0.8800,-1.7600,0.5100,247.1875,13.0625,-9.6250,-1.1500,-0.1400,2.6000,248.5625,17.6875,-9.2500,1.8600,0.3300,14.4300,247.2500,6.0625,-2.5625,11.1000,4.9000,10.4500,249.7500,-29.3750,-3.5625,6.1500,-2.2600,-13.1100,247.4375,-43.8750,-3.0625,2.1100,-0.6700,-8.5500,245.7500,-42.3125,-3.2500,-0.2600,-0.2500,-1.8900,245.5625,-37.0625,-3.7500,-0.6200,-0.8000,2.6900
217.3125,10.1875,-11.5625,-0.7600,-0.3500,-0.1300,216.5625,12.6875,-12.0625,-0.5200,0.1600,1.0900,216.6250,15.6250,-12.1875,-1.6600,-0.3500,0.4100,217.3750,21.1250,-10.6250,2.2500,-0.2600,16.2000,216.0625,11.9375,-3.5625,8.8000,-2.3600,8.5400,213.2500,-25.5000,-4.2500,9.4300,-0.2400,-11.5100,212.9375,-52.4375,-9.6250,3.1700,-0.3000,-14.5300,211.3750,-52.7500,-9.5000,0.1500,0.2300,-2.6500,210.6875,-43.5000,-7.6875,0.2300,-0.8200,4.3200,210.9375,-41.8750,-6.9375,-1.1300,-1.2400,0.3400
201.5000,15.6250,-8.2500,-0.9600,-0.4400,-0.8800,203.0625,16.7500,-9.8125,-0.9100,-1.0500,-0.6400,205.0000,23.8125,-11.5000,0.0200,-0.2000,4.7900,204.4375,28.3125,-11.2500,3.4300,1.6900,12.1300,203.8750,15.8750,-4.9375,8.0400,-0.5100,10.5300,201.1875,-18.1250,-3.9375,5.4200,-0.7900,-12.4500,196.0625,-40.1250,-7.6875,0.9100,1.2200,-11.0700,194.8125,-38.1250,-6.8750,-0.4200,1.0900,-1.0500,195.5625,-33.3125,-5.1250,0.0500,-0.5900,3.5700,195.9375,-32.8750,-4.2500,-0.6000,-0.4000,-0.0700
166.5000,11.0625,-6.6250,-0.6200,-0.6000,0.0900,166.6875,12.7500,-6.8750,-0.2700,0.1400,2.2100,165.5000,10.5000,-3.4375,0.8200,3.2800,18.3300,166.0000,-12.2500,-2.0625,7.5300,-0.6000,3.6200,166.6875,-44.9375,-6.3125,5.6100,-1.0900,-15.1600,166.8750,-52.1875,-9.9375,1.7000,-1.2600,-8.6000,167.1875,-44.6875,-7.3125,-0.3500,-2.1400,4.5200,165.8125,-42.2500,-7.0625,-0.9000,0.8200,0.7100,165.3125,-42.1250,-6.6250,-0.5700,-0.1800,-0.9100,165.3750,-41.7500,-6.6250,-0.3200,-0.1700,-0.4100
279.0000,5.1250,-9.4375,0.1400,-0.8100,-0.3700,279.7500,5.6250,-9.5625,-0.2900,-0.5000,0.7200,281.9375,6.2500,-9.1875,-0.7500,-0.2500,4.3800,286.1875,4.8125,-5.4375,3.2100,-4.3900,9.2500,282.6250,-9.5000,0.0625,7.9100,-3.3600,4.5200,276.0625,-40.1875,-3.3125,5.1300,0.6500,-12.6400,274.0625,-54.3125,-7.1250,0.9400,-0.7200,-7.5200,272.8750,-52.9375,-8.3750,-0.1400,-0.5700,-0.8300,272.3125,-50.0625,-8.8750,-0.3500,-1.1400,0.9100,272.4375,-48.4375,-7.8750,-0.2400,-0.5200,1.1400
335.6875,-0.8750,-15.3125,0.5700,-0.5400,0.0000,336.3750,0.4375,-13.8125,0.3000,-0.4600,1.2300,338.0625,3.3125,-8.8125,0.4700,-2.3800,6.3500,336.6250,-2.1250,-0.2500,5.2200,-0.2900,9.0900,332.8125,-24.4375,8.3750,7.4900,2.2500,-0.3600,328.8750,-47.3125,16.8125,5.3100,1.8200,-9.8000,327.7500,-58.7500,22.6250,-0.1400,-0.2200,-7.0400,325.1250,-57.2500,18.6250,0.2200,0.0000,1.5600,323.5000,-55.8750,16.4375,-0.0300,-0.6800,1.3400,323.1875,-56.9375,15.6250,0.1300,-0.5000,-0.1700
352.5625,0.5625,-2.8750,0.1300,0.0900,0.9900,354.0000,1.0000,-1.1875,1.8500,-0.3800,6.5000,355.9375,-5.5625,2.8125,3.1900,-0.3200,5.8600,355.4375,-26.3750,7.8125,7.4400,0.2500,4.0000,358.9375,-57.5625,9.3750,7.0200,-1.3800,-9.6300,356.1250,-71.4375,12.8750,0.4200,0.8800,-5.2000,352.6875,-70.0000,9.9375,0.0200,-0.2000,-0.5100,351.0000,-67.8125,6.1250,0.3400,0.3200,1.4700,348.6875,-67.5625,3.5625,0.2900,0.0400,0.4200,347.4375,-67.0000,3.7500,0.3400,-0.7000,0.8100
209.2500,7.7500,-11.9375,-0.3700,-0.7400,-0.1700,208.2500,7.8125,-11.8750,-0.7900,0.4400,-0.0300,210.7500,9.0625,-11.5000,-1.4800,1.7700,7.2600,215.1250,5.0000,-6.1875,3.5600,-1.5700,11.5100,214.3125,-15.8750,-0.1250,11.8800,-0.3500,1.9500,212.9375,-51.6250,-3.3125,6.8600,-1.3000,-15.4200,210.1250,-62.7500,-9.0000,0.2900,-1.8100,-7.1200,206.6250,-54.7500,-11.6250,-0.3600,0.3500,3.5100,205.2500,-52.3125,-11.0000,-0.3500,-0.6100,0.1800,204.0000,-51.6250,-10.5000,-0.3800,-0.8000,-0.4600
141.1875,12.2500,-5.3125,-0.3900,-0.4600,-0.2600,142.3125,13.5625,-5.0625,-0.8800,-0.0100,-0.4500,143.7500,13.6875,-4.3750,2.7600,1.3200,13.2900,143.0000,-5.8750,0.6250,6.9900,0.7700,2.9500,144.4375,-38.1875,-1.9375,5.0100,-0.2400,-13.8600,145.4375,-47.4375,-6.6250,1.5400,-1.7900,-8.1600,146.7500,-43.0000,-6.6250,-0.0300,-2.5100,1.5800,148.1250,-40.2500,-7.6875,-0.1300,0.3300,1.0500,148.6250,-39.3125,-8.0625,0.0800,0.2100,0.8600,149.2500,-39.3750,-7.6875,0.2900,0.1100,-0.5700
61.1875,9.0625,-4.1250,0.0800,-1.0800,-0.9800,60.4375,9.9375,-4.5000,0.0400,0.0300,-0.3000,59.9375,12.5000,-2.3750,-0.3000,-0.2300,1.7600,60.8125,8.7500,1.7500,2.9600,2.5400,10.7900,62.4375,-14.2500,4.5625,7.5400,-2.0700,3.4600,62.0625,-44.4375,4.8750,7.9300,-2.3500,-10.6300,59.5000,-63.3750,-0.1250,1.9400,0.2800,-11.7600,59.3750,-62.2500,-1.9375,0.0800,-0.4800,-0.9000,59.3750,-58.8750,-2.8125,0.0900,1.6100,3.4600,60.0000,-58.7500,-1.5000,0.0800,1.0500,0.6100
23.0625,7.2500,-3.6250,-0.1000,0.9800,-1.0200,23.3125,7.9375,-5.5000,-0.4400,-0.4400,0.3900,24.1250,8.1875,-6.5000,-0.8000,0.1100,-0.4300,23.1875,9.7500,-7.4375,0.0000,0.4100,0.7500,23.6875,10.2500,-6.0000,-0.6400,-0.5400,4.1800,23.6250,2.5000,-7.3125,6.8000,1.0100,16.0000,24.8125,-26.9375,-5.8125,12.6400,-2.9400,-2.1700,22.8125,-56.4375,-18.3750,6.0200,-2.0100,-14.3400,20.3750,-63.3125,-28.1875,0.6500,-1.1900,-8.4000,18.6250,-55.1875,-23.6250,0.3800,-0.8200,2.8200
350.4375,10.6250,-10.5625,0.7400,1.6800,-1.0600,350.0000,11.9375,-11.2500,0.1500,-0.1000,-0.8600,351.0625,12.6875,-10.8750,0.2600,-0.1500,1.5100,353.5625,12.6250,-9.8750,1.0700,-3.0700,6.7100,353.9375,8.3125,-9.3125,-0.0800,-0.6300,-0.0300,355.8125,1.1875,-16.5625,7.3400,3.1600,15.6300,354.8750,-32.5000,-10.3125,10.6600,-6.2300,-9.2100,344.5000,-53.5000,-30.1250,3.8100,2.6400,-17.0900,343.0625,-47.3125,-32.8125,-0.1800,1.0900,2.1700,343.2500,-43.6875,-30.9375,-0.2000,2.7500,1.8200
56.8125,4.8750,1.5000,-0.2600,0.2300,-0.3000,56.3125,5.5625,1.7500,-0.3400,0.6500,0.2600,57.6875,6.6250,3.1875,-0.1400,-0.5000,4.9800,60.8750,4.3750,6.1875,5.7700,-2.1000,13.5700,58.6250,-22.3125,10.5000,9.3800,1.3900,-0.4900,59.7500,-56.8125,5.5000,7.2700,1.6000,-12.7700,63.5625,-64.5625,11.6875,-0.0300,-1.2300,-1.6400,64.1875,-61.3750,14.5625,-0.2600,-0.2900,2.1500,62.8750,-61.2500,12.8125,0.0400,-0.5300,-0.6100,61.9375,-60.8750,10.5000,0.2400,0.6700,0.0800
98.8125,1.0000,-0.1250,-0.3700,-0.8700,0.2500,97.4375,2.7500,-0.4375,-0.6900,-1.3500,1.0400,94.4375,-0.4375,4.8750,2.3300,-2.3900,9.0500,91.7500,-20.1250,6.7500,5.3300,-0.0900,1.2800,89.8750,-43.1250,5.7500,1.8100,-0.4800,-9.2700,90.1875,-50.2500,-0.4375,1.0300,-0.9500,-6.1700,90.8750,-48.1250,-4.0000,-0.3500,0.4000,-2.7200,91.9375,-43.5625,-4.9375,-0.3900,0.7100,0.3400,93.1875,-41.1250,-5.6875,-0.6400,-0.1300,-0.1900,94.4375,-39.1250,-5.7500,0.0000,0.1000,-0.5200
123.1875,-0.2500,-1.4375,-0.3500,-0.1200,0.1800,122.8125,-0.1875,-1.0625,-0.9900,-0.3700,-0.0900,122.0625,2.0000,0.0000,-1.1800,0.0300,0.5700,122.9375,2.9375,-0.6250,3.4700,-0.4400,15.0600,125.6250,-18.3750,-1.1250,5.7700,-1.5300,1.0600,128.1875,-45.6875,-1.5625,3.9400,-2.5300,-12.0700,127.4375,-54.6250,-6.1875,1.0100,-0.4500,-6.6400,127.6250,-48.8750,-7.4375,-0.6700,-0.0800,1.9100,127.6250,-45.0000,-8.1875,-1.2200,-0.3800,-0.3500,127.5625,-42.7500,-8.9375,-0.5000,-0.3500,-0.2200
172.7500,1.1250,-0.0625,-0.2200,-0.3000,-1.1700,173.1875,6.0625,-1.4375,1.1700,0.1000,17.5200,172.7500,-5.0000,1.0000,5.7300,-0.0300,10.4600,171.0000,-37.6875,-1.8750,8.5900,-1.4500,-10.1200,168.0000,-58.0625,-11.9375,2.9500,0.8200,-11.4200,169.4375,-56.5625,-11.3125,0.6000,-0.7500,-2.3400,170.5625,-51.1875,-9.0625,-0.9700,-0.1600,1.3300,171.7500,-48.8750,-8.6875,-0.4300,-0.6900,-0.2400,171.7500,-47.0625,-8.8750,-0.1300,-0.7300,-2.4800,170.5625,-41.5000,-7.6875,0.3200,-0.3200,-3.3100
127.0000,4.7500,-1.0625,-1.0100,0.5200,-0.5000,126.3125,5.1250,-1.1875,-1.1500,0.1300,-0.7000,125.8750,7.1250,-1.4375,-0.3500,-0.0900,3.8400,122.9375,6.2500,0.6875,1.2200,6.3500,15.2800,126.9375,-19.6250,1.7500,11.8300,-0.3000,0.6600,134.1875,-53.0000,0.2500,4.8000,-2.0200,-18.6900,135.1250,-57.0000,-2.6875,1.6900,-2.0900,-8.1400,132.7500,-46.5000,-5.0000,-0.4600,0.6200,5.3000,131.9375,-44.1250,-3.7500,-0.9500,0.5800,-0.6900,132.1875,-43.9375,-3.4375,-0.4900,-0.5600,-1.2000
205.3125,6.4375,-9.3125,-1.1000,-0.9800,-0.9500,205.1250,6.8750,-9.0625,-1.0200,-0.9300,-1.0000,204.8750,8.3125,-8.7500,-1.1900,-0.4900,-0.2900,204.1875,13.4375,-7.8750,-1.3800,-1.5100,-1.1800,202.5625,24.9375,0.1875,2.2900,0.2700,12.7900,201.4375,16.0625,3.3750,8.2000,-0.3100,11.7900,202.1875,-20.6875,-1.3125,11.3200,-3.3600,-3.3100,196.8125,-56.9375,-15.1875,3.5700,0.7200,-17.8900,193.0625,-59.9375,-20.6250,0.8900,0.0000,-5.7800,192.0625,-52.8125,-19.0625,0.2500,-0.3500,3.1300
237.1250,-1.2500,-8.6250,-0.3500,-1.1300,-0.7500,238.5625,2.1250,-8.6875,-0.7600,-1.0400,2.3200,239.5000,0.8125,-7.7500,1.6900,-2.0600,8.1500,235.8125,-13.6250,-2.3125,4.2600,-1.5100,4.5000,231.0000,-37.3125,-0.0625,4.8900,-1.5600,-1.6700,226.2500,-61.0000,-8.3125,2.8900,0.8800,-8.1700,222.4375,-73.5000,-18.8750,1.8000,-0.9900,-7.2100,220.0000,-74.5000,-26.9375,0.1900,-0.3500,-2.4400,219.4375,-70.3125,-22.0000,-0.5300,-0.8900,1.4400,219.3125,-68.5000,-20.0000,-0.2900,-1.3600,-0.2000
122.5000,14.9375,-1.3125,-1.3300,-0.9800,-1.5500,120.0625,12.0000,-0.2500,3.8100,6.3200,15.2600,123.9375,-14.8125,6.5000,8.1200,-2.0900,3.2300,125.8750,-43.5000,4.3750,4.1800,0.5400,-11.9400,129.6250,-54.0625,-2.4375,0.5400,-0.6000,-6.7000,131.5625,-53.8125,-4.7500,-0.6400,-0.5300,-1.3400,131.7500,-52.5625,-5.0000,-0.6900,0.3100,0.4800,131.6250,-52.8125,-5.1875,-0.3200,-0.0200,-0.7100,131.6250,-52.6875,-4.9375,-0.3600,-0.7100,-0.8700,131.6250,-52.0000,-4.5625,-0.3600,-0.2600,-1.4300
183.0625,12.8125,-5.8750,-1.6400,-1.3200,-1.0500,182.5000,16.0625,-4.1875,0.7800,1.9300,16.6500,184.5000,-2.8750,4.8125,10.4700,-3.2500,9.4200,184.1875,-42.5625,7.1250,13.1800,-2.4400,-11.8800,181.8750,-71.2500,-7.3125,3.2100,-0.2400,-15.6600,180.7500,-68.3125,-12.1875,0.2500,0.2800,-0.5800,180.3125,-63.3125,-10.3125,-0.8600,0.1500,1.7600,180.3125,-63.4375,-9.8750,-0.4300,-0.6100,-0.9300,180.1250,-63.1250,-10.1250,-0.3600,-0.9500,-0.6500,179.7500,-63.0000,-10.4375,-0.1100,-0.7300,-0.1400
242.9375,4.6875,-9.0000,-0.2800,-0.9700,-0.7200,243.3125,5.6875,-9.5000,-1.2700,0.4400,-0.7600,249.3125,8.4375,-7.5000,7.4500,-4.9100,26.0700,248.0625,-25.6250,2.8125,15.2000,1.1600,-1.0500,239.8750,-67.8125,0.1250,10.5900,2.6200,-17.2400,233.5000,-80.5000,-3.8750,1.1800,-2.3100,-8.3000,229.4375,-76.0000,-20.6875,-0.2700,0.4600,0.3500,227.4375,-70.5000,-21.5625,-0.0700,-0.2300,2.8200,227.3125,-70.5625,-22.0625,-0.2400,-0.8600,0.0700,227.6875,-71.4375,-24.0000,0.0000,-1.5900,-0.5500
231.8125,7.1250,-8.0625,0.0000,-1.2600,1.3800,230.7500,3.5625,-7.5625,-1.3500,0.1800,2.0600,232.3750,-7.7500,-1.5625,10.7600,-2.4200,20.4800,233.8125,-50.0000,1.7500,16.5500,-0.7200,-9.2200,230.5625,-81.1875,-4.0000,7.0600,-2.2400,-15.4200,223.2500,-81.6250,-41.0000,1.6000,-0.1800,-4.4500,219.7500,-73.6875,-32.9375,0.3400,0.7000,2.9800,220.6875,-71.3125,-28.2500,-0.6300,-0.8100,-0.2300,222.3125,-69.5000,-24.8750,-0.4000,-1.0600,-0.5000,225.4375,-67.4375,-23.7500,-0.3400,-1.0400,0.6200
281.3750,6.2500,-7.8125,-0.8200,-1.6500,-2.3400,283.0000,11.6875,-5.6250,3.1400,3.1500,20.7700,285.7500,-8.0000,3.0625,13.3500,-0.6600,7.8600,278.5000,-52.2500,9.2500,11.4600,2.9300,-10.0700,272.0625,-77.8750,16.0625,4.9600,0.3000,-12.2600,268.4375,-84.1875,0.7500,0.7200,0.4000,-4.1900,265.3125,-78.8750,-5.4375,-0.2000,-1.2600,2.4100,264.0625,-77.0625,-8.0000,-0.4600,-1.2300,0.0500,262.0000,-76.0625,-9.6875,-0.0700,-1.5200,-0.5700,258.8125,-74.5625,-12.7500,-0.0800,-1.3700,-0.8100
169.8125,12.1875,-6.5000,-0.7100,-1.0500,-0.6200,170.5000,16.3750,-7.0625,2.9000,2.2700,19.4800,172.2500,-8.3125,-2.5625,10.9900,-0.5300,8.7300,172.8125,-47.2500,-9.8125,10.1700,-4.0000,-17.5500,172.7500,-60.0625,-18.5000,3.1100,-2.1600,-11.4300,170.6250,-50.7500,-19.0000,-0.4700,1.4000,4.4100,170.0625,-48.1875,-17.5625,-0.6300,0.7900,-0.2100,170.5625,-47.2500,-15.3750,0.0100,-1.2400,-0.8800,171.1875,-46.3750,-13.8750,-0.3700,-0.3200,-0.7800,170.3125,-45.5625,-11.0625,-0.3000,-1.0000,-0.3000
81.0000,11.5625,-2.9375,-0.5100,-1.0700,-0.5600,79.3125,14.8750,-2.6250,-2.4200,-0.6500,-1.2600,76.1250,15.3125,-5.3750,7.3500,6.1200,22.6100,76.1250,-24.6250,-0.8750,7.6500,-2.3200,-11.8500,76.3750,-45.1250,1.3125,4.8100,-2.8200,-7.4300,75.3750,-50.9375,1.3750,1.6200,-0.0500,-3.2500,74.5625,-50.6250,0.1250,-0.7100,0.8200,-2.6900,74.3750,-49.0625,0.9375,-0.3600,-0.5400,1.1700,73.3125,-49.0000,0.6250,-0.1100,-0.6300,0.3500,71.9375,-49.4375,-0.0625,0.4200,-0.2400,-0.7900
45.7500,14.1250,-7.3750,-0.0300,-1.0800,0.9100,45.0625,15.6875,-6.0625,-0.4900,0.4000,1.2500,42.4375,15.3125,-5.6875,3.1400,6.5400,13.6700,44.1875,-6.3750,-3.1875,12.6700,0.7300,5.4200,50.0000,-48.3125,-2.6875,11.0800,-2.4100,-12.4500,52.6875,-69.1250,-5.3750,1.8400,-2.1500,-17.4100,50.8750,-65.4375,-11.1875,0.7800,0.4600,-1.0500,49.7500,-59.7500,-9.3750,-0.4300,1.0200,2.2300,48.3125,-59.4375,-6.3125,0.0000,0.0000,-0.3800,47.7500,-58.5000,-6.5000,0.7200,-0.2700,-2.2600
13.7500,12.8750,-11.9375,0.0900,-0.8400,-0.5300,14.4375,13.5000,-12.0625,-0.9700,-0.2600,-0.5300,15.0625,16.7500,-11.3125,4.4500,1.6500,13.8200,15.7500,3.0000,-11.1875,6.8900,1.0500,12.0800,17.5000,-30.6250,-10.8750,11.5800,-2.2000,-4.1600,19.3125,-59.8125,-13.8750,7.4300,-3.4600,-10.9500,19.8750,-69.1250,-17.4375,1.5900,-1.2600,-8.6800,21.2500,-63.1875,-13.8750,0.7100,-2.2500,6.7800,18.4375,-60.5000,-17.8750,0.0300,1.5100,-0.6300,17.1875,-58.8125,-18.3750,0.4400,0.6000,-0.2100
63.8750,8.7500,-4.5625,0.1000,-0.3100,0.4200,63.1875,10.3125,-5.3125,-1.1600,-0.7800,0.1000,61.0000,13.3125,-5.0000,1.8100,3.4300,16.1900,61.1875,-3.5625,1.3125,12.4800,0.6100,12.1800,64.1875,-42.6875,1.8750,20.9600,-0.3300,-6.1200,68.5000,-62.2500,6.2500,2.5300,-2.4200,-6.9400,69.7500,-61.8125,5.3125,0.2900,0.0100,-1.0300,69.1875,-59.0625,4.6875,-1.2000,0.1400,-0.6500,68.9375,-58.7500,3.8750,-0.5400,0.2700,-1.0200,68.1250,-58.6875,2.8125,0.3000,0.8600,-0.1800