145.9375,-7.6875,-0.1875,-1.0100,-0.1300,0.4100,149.3125,-7.0000,-1.1875,-0.6600,-0.1800,-0.1600,152.7500,-3.6250,-3.9375,7.5700,0.2500,1.3000,152.6250,-8.8125,-0.1875,18.9200,-0.1600,-0.2600,151.6875,-12.8750,1.1250,-17.0100,1.6700,-2.9400,155.3750,-5.0625,7.3125,-7.3600,-0.8800,0.7300,155.2500,-7.2500,6.1875,3.3900,-1.0000,1.2100,153.3125,-8.2500,4.8750,1.7400,-0.6300,0.2500,151.5625,-7.7500,4.0625,-0.5100,0.1200,0.4000,151.8125,-8.1875,2.8750,-0.1600,-0.0200,0.3300
158.2500,-0.2500,-8.5625,12.5400,0.7200,-1.5600,151.6875,-14.1250,-3.6250,9.3300,-1.5600,-2.1200,148.1875,-15.8125,0.3750,-14.0100,2.2500,-1.9700,151.3125,-8.5000,7.1875,-4.7000,0.8300,2.4400,153.4375,-12.0000,6.1250,2.5800,-0.9500,0.2100,153.3750,-13.8750,5.0625,1.0200,-0.0600,-0.2400,153.3750,-13.5000,4.3750,-0.0800,-0.0500,0.0900,154.5000,-12.5000,3.4375,-0.0600,0.3100,0.4600,155.9375,-12.3750,2.5000,0.2500,0.1500,0.4800,156.3125,-12.1875,2.7500,0.0100,0.0000,0.0500
171.9375,6.2500,-8.1875,6.7300,0.9900,-1.5000,165.9375,-9.8750,-2.5000,14.6900,0.3500,0.3000,158.3125,-24.3125,-1.5625,-14.4600,3.6900,-4.8500,158.4375,-18.1875,4.0000,-6.1200,0.6100,1.1900,160.0000,-19.1875,3.3125,1.1300,-2.4400,-0.1400,160.5000,-21.1875,3.8750,0.6900,-1.0600,0.0900,160.5000,-21.9375,3.1875,-0.0100,0.5600,0.0000,160.9375,-21.6250,2.6875,-0.3100,0.2500,0.2600,161.6875,-21.6250,2.1250,-0.3900,-0.1500,-0.1400,161.8750,-21.5625,1.5625,0.0000,-0.1900,0.1400
181.3125,4.0625,-7.3125,2.4900,0.8800,2.1900,174.6875,-13.4375,1.1875,18.2200,-0.9300,3.3000,162.8125,-47.3125,-2.5000,-1.4100,-0.0500,-6.0500,154.7500,-51.1875,-8.5625,-10.5500,10.1300,-9.5500,160.6250,-43.7500,-5.5000,-1.1900,0.1000,2.9200,163.1875,-43.2500,-5.0625,0.4100,0.1700,0.1900,164.8750,-44.3750,-3.2500,0.3800,0.3800,-0.1500,165.5625,-43.3750,-0.8750,0.3200,0.0300,0.2600,166.2500,-41.6250,0.0000,-0.1100,0.3900,0.7400,166.6875,-40.3750,0.0000,-0.0500,-0.0800,0.0300
168.4375,3.8125,-13.1875,4.8300,2.3300,-0.6400,164.2500,-4.8750,-8.1250,9.2500,-2.5300,0.6300,159.0625,-14.4375,-1.9375,-4.9700,-1.1800,0.3900,162.5000,-10.5625,3.7500,-9.5500,2.9100,-0.9000,166.3125,-7.8750,3.4375,-0.4000,-0.3400,1.9500,166.3750,-8.9375,4.0625,0.5200,-0.0100,-0.3000,164.2500,-9.8750,3.8125,0.4200,0.2200,0.1900,162.0625,-10.1875,2.2500,-0.0200,0.3400,0.2600,161.1250,-10.6250,0.9375,0.4300,0.1600,0.4700,161.0000,-11.0625,0.6250,0.3000,-0.1700,0.1200
155.1875,-12.7500,-0.8125,-6.8900,0.7300,1.7400,155.8750,-17.0625,-6.0000,-2.6900,-1.4600,-0.7500,159.5625,-5.8125,-6.0000,16.7100,-2.1100,-2.5200,154.4375,-10.6875,-6.3125,14.9200,-0.0300,-3.5500,144.0000,-18.2500,-3.5625,-10.7600,3.8400,-0.5600,143.9375,-10.1875,4.4375,-8.0800,2.1900,3.0500,148.6250,-11.4375,4.3125,3.4000,-1.6400,1.2100,150.8750,-13.6875,3.8125,1.1700,-1.7900,-0.9700,150.7500,-13.3750,2.8750,-0.2500,-0.2700,0.1000,151.3750,-12.1250,3.3750,-0.2100,-0.2800,0.3100
158.6250,-13.3125,-2.5625,-4.1200,-0.3400,2.0200,161.8125,-15.6250,-5.6250,-2.6600,-1.6200,-0.7700,165.5000,-6.4375,-7.0000,17.0600,-0.9500,-2.4100,161.3125,-13.3125,-4.8750,13.1100,-0.6100,-3.0600,154.6875,-18.8125,-1.4375,-5.1100,2.7200,0.8300,157.7500,-9.0625,5.0000,-9.2300,1.7600,2.8800,163.0625,-9.0000,3.1875,-0.8000,-1.7700,1.1000,164.2500,-11.5000,0.5000,1.6000,-1.1900,-0.0200,164.0000,-12.3125,1.4375,0.5400,-0.2400,-0.6400,163.5000,-11.3750,2.0000,-0.6300,0.3400,0.1200
164.5000,-11.6875,-3.1250,-6.9400,1.9300,0.5500,167.1875,-14.1250,-6.3125,-2.4700,0.1500,0.7600,171.8125,-9.3125,-12.4375,7.3000,1.8200,-2.9600,172.7500,-3.0000,-9.3750,17.0900,-0.8700,0.3800,168.8750,-15.1250,-5.7500,-1.1300,-1.4500,-0.7100,170.5000,-10.1875,1.5625,-10.8800,-0.4800,2.8200,173.1250,-7.9375,4.1875,-3.2500,-0.2400,0.0200,173.3750,-10.0625,2.6875,0.9100,-0.1300,0.4100,172.6250,-11.4375,2.2500,0.5200,-0.2000,-0.1800,171.6875,-11.8750,1.7500,-0.1600,-0.1900,0.3300
166.5000,-9.8125,-4.1250,-3.1500,0.7000,0.9700,167.6250,-8.6250,-9.9375,1.1000,0.3800,2.5700,166.3750,-3.0625,-9.6250,9.6600,-1.8400,-0.7300,158.5625,-5.6875,-11.0000,12.0100,-2.6100,-0.9700,148.9375,-19.2500,-7.4375,-1.1200,3.1200,-0.4800,150.2500,-19.8750,3.0000,-9.7500,2.6400,-1.8300,154.1875,-18.7500,2.3750,0.0500,-1.4000,1.3300,155.6250,-19.7500,1.3125,1.5400,-0.5500,-0.2700,156.1250,-19.3125,1.8125,0.4900,0.3700,0.0600,156.9375,-17.6250,2.6250,-0.4100,0.1300,0.2800
166.5000,-11.5000,5.1250,-6.5100,0.5400,1.1100,172.4375,-12.5000,1.7500,-3.5200,0.2700,1.0900,178.9375,-3.2500,0.5625,12.1700,0.5200,-0.6700,178.2500,-4.6250,6.5625,18.6200,0.3500,-2.8500,170.1250,-17.3750,5.7500,-7.0200,0.8600,-2.2700,170.5000,-9.3125,10.3750,-9.8200,2.3900,1.0800,169.3750,-7.0625,10.5625,-1.5300,1.7200,1.3000,170.0000,-10.2500,9.3125,1.9700,0.5900,0.6800,170.6875,-13.0000,8.6250,1.4500,-0.1900,0.1800,170.4375,-13.2500,8.8125,0.3800,-0.4400,-0.1200
164.5625,-12.0000,-2.8125,-2.7300,0.6000,0.7400,167.6875,-12.8750,-5.9375,-1.9400,-0.7400,0.1500,171.8750,-6.2500,-5.7500,7.4700,-1.2900,-1.3100,172.4375,-1.2500,-7.1250,8.6100,-1.8600,-2.3600,165.3750,-12.6875,-6.3125,6.7300,1.3500,-1.9700,160.5625,-19.7500,-1.1875,-1.1300,-2.9400,1.8200,163.3125,-14.3125,5.0625,-9.6100,0.8300,0.0000,167.1250,-10.4375,6.0625,-3.5400,1.1100,0.4400,169.3750,-13.5625,3.9375,1.5400,-0.3800,0.9000,169.2500,-15.1250,3.3750,0.9700,-0.5400,-0.0200
163.2500,-15.7500,-0.4375,-2.0500,-0.0100,-0.4200,162.4375,-16.1875,-5.0625,-2.2300,0.5100,1.0500,164.0625,-15.8750,-7.2500,-1.2500,-0.4600,0.6700,167.5000,-9.0000,-8.6875,6.2900,0.1700,-2.1600,168.3750,0.3125,-7.0625,8.3000,-1.3700,-2.0200,163.6875,-5.9375,-6.3125,6.3000,-0.1100,0.0600,157.7500,-14.6875,-6.4375,3.0200,-0.8500,2.5900,154.5000,-16.4375,-0.5625,-7.3500,-1.6700,-0.3400,155.8750,-12.1875,3.7500,-5.6000,0.8200,-1.1800,158.8750,-12.5625,2.8125,0.0300,0.2500,1.0800
157.2500,-12.8750,-7.1250,-3.1300,0.0600,1.7600,159.3750,-12.8125,-9.1875,0.1200,-2.8100,0.9400,162.4375,-7.3125,-9.8125,5.3600,-1.8900,-1.4100,161.3125,-1.1250,-12.3125,7.8500,-1.2600,-2.5200,154.8125,-8.0625,-8.8125,7.3800,-1.3900,-0.6900,148.9375,-15.8750,-5.5625,2.4600,0.0000,0.5900,149.0625,-14.1250,3.6250,-7.1600,0.0100,0.7200,151.5000,-8.5000,8.0625,-5.7800,1.4200,0.6800,153.5000,-11.0625,4.0000,0.6500,0.8200,0.6200,155.5000,-12.9375,3.3750,1.5100,0.1200,-0.5600
174.0625,-7.1875,-4.3125,-1.1000,-1.3900,3.6200,176.8125,-8.5000,-6.8750,2.3300,-0.7500,0.1200,178.3750,-4.7500,-6.6875,6.5000,-0.1900,-3.7100,174.8750,-5.9375,-4.8750,8.7200,0.0200,-0.9700,166.6875,-15.4375,-6.5000,3.0200,0.2700,0.3000,163.0000,-15.1250,-0.3125,-4.5500,-1.1500,1.2200,165.7500,-9.4375,5.4375,-6.9500,1.5600,0.3000,168.3125,-7.6250,7.8125,-3.7100,1.8800,-0.8000,168.1875,-10.1875,4.1250,1.4700,0.6200,0.8800,168.1875,-11.9375,3.3125,1.1700,-0.2300,-0.5600
164.8125,-10.0000,-5.8750,-4.0000,0.7300,0.8700,166.7500,-9.8750,-8.8125,0.9800,-0.5800,-0.0300,169.1250,-5.6250,-8.8750,9.0400,-0.3300,1.0500,168.2500,-7.2500,-4.3125,11.2000,-0.4500,-0.5500,164.7500,-13.5000,-0.4375,1.3100,0.1200,0.0000,166.6875,-6.5000,7.2500,-9.2300,-0.8100,2.6000,169.3750,-3.1875,7.8750,-4.4300,1.3100,0.2600,169.1250,-7.2500,4.6250,3.3300,-1.5400,0.1800,168.7500,-8.1250,6.0000,1.4200,0.0800,-0.9100,166.1875,-5.8750,6.1250,-0.4400,0.5700,0.8300
162.3750,-9.1875,-7.4375,-0.3000,-0.1300,-0.2600,161.1250,-4.3125,-11.7500,12.7400,0.2200,2.0000,152.8125,-9.4375,-14.1875,8.5700,-1.6200,-2.4200,140.4375,-13.7500,-9.5625,0.3700,-1.2500,-1.8400,139.6875,-6.7500,0.4375,-7.2500,2.0600,0.9300,144.6250,-0.9375,6.4375,-4.6200,2.5300,2.3100,149.5625,-3.0625,5.0000,1.1400,-1.3700,-0.3800,150.7500,-4.6875,3.0625,1.1800,-1.2700,-0.4800,151.0000,-4.6875,2.8125,0.3400,-0.3900,0.1800,151.6875,-4.4375,3.5000,0.5700,0.6400,0.7600
155.8125,-9.8750,-9.9375,0.0000,-1.2000,0.9200,157.5625,-9.7500,-13.5625,6.2300,-0.5300,-1.9000,157.4375,-9.5000,-11.1250,12.6000,-0.8000,-0.0800,149.1875,-18.3750,-8.2500,1.9600,1.6800,-1.4900,148.6875,-15.8125,-0.8125,-10.6600,0.6200,0.4000,154.1875,-9.2500,4.5000,-4.5900,2.6600,0.8600,156.4375,-9.9375,3.6875,0.8000,-0.0700,-0.5500,156.6250,-10.8125,3.6250,0.5300,-0.2300,-0.2700,156.0000,-10.9375,3.1875,0.4300,0.1400,0.9400,155.6875,-11.3750,3.8125,0.1600,0.3200,0.0100
175.5000,-6.0000,-2.0625,6.6200,-1.7500,-1.4300,174.9375,-5.6875,-1.1250,10.6300,1.0900,-2.2600,168.8125,-15.3750,-1.3125,6.6400,1.4700,0.6400,165.8750,-13.5625,4.8750,-12.7800,0.3600,1.2600,168.3125,-3.1250,10.6250,-8.4800,2.3900,1.1000,167.8750,-5.0625,7.5625,-0.5100,2.1600,0.9800,167.6875,-7.8125,7.8750,1.5000,0.0400,0.2900,166.1250,-8.7500,6.3125,0.7000,0.0100,0.2800,165.5000,-8.6250,4.9375,0.0400,-0.1500,0.7900,165.7500,-9.0625,4.4375,-0.2100,-0.0800,-0.0600
169.1875,3.3125,-7.1250,4.9500,-0.2600,-0.5400,167.4375,0.0000,-5.5625,9.0200,-0.5300,-0.9900,160.5000,-15.5000,-4.7500,7.4300,-0.7300,-1.1100,154.6875,-18.6875,-2.4375,-11.2400,2.2000,-2.7300,155.5000,-9.0625,3.5000,-6.2400,1.0400,1.5500,158.2500,-9.3125,3.2500,-0.8800,0.3300,0.0500,160.2500,-12.4375,2.1875,1.4400,-0.0800,0.1700,160.0625,-13.4375,2.2500,0.6100,-0.5600,-0.0300,158.8125,-12.8750,1.0000,-0.0100,-0.0100,0.6200,158.2500,-12.4375,1.0625,-0.0700,-0.0600,-0.0500
158.7500,-5.6875,-5.8750,4.0700,-1.0100,-1.0600,157.4375,-1.3750,-6.8125,8.8000,-0.2500,0.0200,151.9375,-10.5000,-4.7500,9.0500,-0.3500,-0.7700,145.0000,-18.3125,-2.0625,-1.1500,-1.4600,0.2900,144.0625,-10.1250,4.3750,-10.1800,0.4400,0.5700,147.0625,-3.0625,7.1250,-3.7800,1.3700,0.1300,148.3750,-6.0000,6.0625,1.3400,-1.6000,0.5100,147.3125,-7.9375,6.0625,0.7600,-0.1300,-0.4200,145.6250,-8.2500,4.8750,0.6200,0.3100,0.4400,145.6250,-8.0625,3.8750,0.6600,-0.0100,0.1300
150.2500,-11.6875,-5.4375,0.6800,-0.6400,-0.3300,152.7500,-3.9375,-5.9375,13.8700,-1.2100,-0.2900,148.9375,-12.2500,-3.7500,15.0800,1.5300,-1.1600,143.3125,-22.2500,3.2500,-11.1800,1.0800,-2.7800,142.9375,-11.3750,8.1875,-6.6000,3.8400,0.2100,145.5000,-7.8125,6.8750,-1.1400,-1.4700,1.8600,147.5000,-11.0625,6.0000,1.1300,-1.1400,0.1300,147.1250,-12.3750,5.3125,0.7900,-0.4700,-0.1800,146.4375,-11.8750,3.1250,0.2300,0.2600,0.2300,146.1250,-10.9375,2.3750,0.1600,-0.0100,0.5500
151.5000,-5.3125,-11.1875,6.3900,0.4700,-1.7400,152.0000,-2.1875,-11.3125,11.5900,-0.6400,-1.0500,146.4375,-12.1250,-6.3125,6.6700,-0.9700,-0.8600,142.6875,-11.1875,1.7500,-12.8900,3.6600,0.9300,144.7500,-6.0000,5.1875,-3.4400,2.5000,0.2100,147.6250,-7.0625,4.1875,0.3400,0.3700,-0.4700,148.3125,-8.0000,3.7500,0.3800,0.5900,0.1700,148.0625,-8.0000,3.9375,0.1400,0.2200,0.2300,147.5000,-7.5000,3.8125,0.0000,-0.0400,0.2000,147.3750,-6.9375,3.6250,-0.0900,-0.2100,-0.2200
139.3125,-11.7500,-8.0625,-0.6400,-1.2100,1.0900,140.8750,-10.7500,-8.6875,4.3600,-1.3500,-1.4000,140.6875,-7.2500,-9.9375,14.9600,0.5200,-0.5400,135.4375,-17.0000,-5.3750,7.1000,0.5600,-0.5100,134.4375,-15.3125,3.6875,-12.2700,0.2700,-0.9400,137.3750,-5.7500,6.3750,-6.0700,0.8300,1.3100,140.1875,-6.0000,4.6250,0.5300,0.3600,0.8600,141.7500,-8.5625,4.3125,1.3300,0.7400,0.8400,141.7500,-9.8750,4.5000,0.6100,0.3500,-0.1900,141.5000,-10.4375,3.5625,0.0600,-0.2300,0.0600
159.9375,-4.1875,-8.5000,5.1200,-0.1400,-1.5800,161.5625,-2.6875,-6.9375,11.1200,-0.4600,-1.2200,155.8750,-15.5625,-6.4375,8.0000,-1.2700,-2.5200,148.4375,-17.4375,-2.5625,-9.4100,2.8300,-1.4800,145.8750,-5.4375,4.3750,-6.1300,2.1100,3.8200,146.2500,-6.4375,3.7500,0.2700,-0.6300,0.3900,147.3125,-9.8125,3.4375,1.4500,-0.4400,-0.7500,147.1875,-10.7500,3.4375,0.8200,0.2600,0.5700,146.8750,-10.1250,2.9375,0.0700,0.1400,0.0100,147.2500,-9.5000,2.6875,-0.2700,-0.2700,0.1200
155.8125,-0.8125,-8.4375,4.0700,0.2700,-1.4800,152.7500,-5.8125,-6.3750,12.1200,-1.2400,-0.2100,145.2500,-16.6250,-2.3125,0.9700,-2.4000,0.5900,141.8750,-10.7500,4.5625,-11.3100,1.2100,0.6000,145.4375,-3.0625,9.0625,-5.0800,-0.4400,0.3100,147.7500,-5.8125,6.8125,1.2200,-1.4700,1.8700,149.3125,-9.9375,5.6875,1.2800,-0.6900,-0.6800,148.3750,-11.3125,4.0000,0.9000,-0.3700,0.3800,147.8125,-11.0000,3.4375,0.3800,-0.1600,0.0800,148.0000,-10.6250,3.1250,0.1200,0.0800,0.0600
147.3125,-6.9375,-3.3125,3.3900,-1.5000,-0.0100,148.1875,-5.6875,-5.0000,11.3100,2.0900,-0.2600,147.8750,-9.6250,-0.6875,3.5300,-0.7900,-1.2800,148.2500,-0.5625,3.6875,-7.8700,-1.4200,2.3200,149.7500,10.0625,7.6250,-6.9700,1.2500,0.6900,151.3750,9.6250,6.5000,0.6700,-0.9100,0.9500,152.6250,5.4375,7.0625,1.6400,-0.2700,-0.7600,151.8750,4.7500,6.9375,0.3500,0.1900,0.4500,150.7500,4.8750,6.6875,-0.1500,-0.0800,0.1400,149.4375,4.3125,6.0000,-1.0800,-0.4300,-0.3000
144.7500,-6.3125,-1.5000,-5.6500,0.9000,3.0600,146.9375,-11.1875,-3.0625,-0.3000,-1.3200,-0.2100,148.2500,-7.7500,-4.1250,15.3600,-2.0700,-0.4800,141.8125,-17.0625,-1.0625,10.9600,-0.1100,-1.3300,136.8750,-19.1250,6.1875,-13.8200,3.0500,-1.3300,135.8125,-9.3750,11.0625,-5.5100,2.0800,0.8600,136.6250,-10.3750,7.8125,1.7500,-1.3200,1.1300,138.3750,-11.8750,6.0000,1.1800,-0.8500,-0.5200,138.3750,-11.3750,5.1875,0.3400,-0.2900,0.3600,138.6875,-10.6875,4.8750,-0.1400,0.0000,0.5400
136.8125,-11.0000,-4.6250,-1.8900,-0.0200,0.2100,136.5625,-13.1875,-7.0000,-0.1200,-0.5700,-1.6300,138.8750,-3.5000,-9.6875,11.4900,-0.8100,-2.4100,136.9375,-5.0625,-9.8125,12.6600,-0.1600,-2.0300,129.6250,-16.6875,-7.0000,0.3800,-0.4700,-0.5100,126.0000,-10.0625,-0.1875,-9.8400,1.9000,2.2300,130.3750,-1.6250,4.1250,-5.6400,1.8900,1.1100,134.0000,-4.0625,3.6875,-0.2300,-0.2400,1.4900,135.8125,-9.0000,3.4375,1.4700,-0.3900,0.0700,136.7500,-12.3750,1.5000,1.0900,-0.3700,-0.7700
145.8750,-8.8750,1.5000,-4.7900,0.6000,0.6400,150.3750,-12.4375,-3.2500,-4.6700,1.0500,1.5900,158.8750,-12.3750,-4.8750,2.8600,0.2300,-0.0900,161.7500,-4.3750,0.6875,8.4200,-2.4600,-1.1000,155.6250,-8.3125,-3.3750,10.5600,-1.3100,-1.9100,146.8125,-17.6250,-3.1250,3.6200,-0.2500,0.0600,143.4375,-13.0625,4.5625,-12.0800,4.1900,0.4600,144.8750,-7.0625,8.0625,-4.5100,2.6600,0.0000,148.3750,-9.9375,5.2500,1.0700,-1.0300,0.4800,148.8750,-11.4375,4.8750,1.2200,-0.1800,-0.5700
143.7500,-7.4375,-2.3125,-3.3900,-0.4700,1.0500,146.3750,-10.0625,-5.3750,-1.6400,-0.3300,2.0000,150.3750,-9.0625,-4.6250,5.6400,-2.3800,-0.4900,149.1250,-6.0625,-5.4375,10.3500,-1.7900,-4.1500,141.0000,-10.5625,-6.0000,6.1800,-0.0500,-1.5100,137.3750,-10.0000,-1.3750,-2.1000,0.3400,3.7100,141.3125,-3.3750,5.4375,-8.0800,1.3600,1.7700,142.6250,-2.8750,5.1250,-2.5600,0.7800,-0.4500,144.3750,-5.6250,4.0625,1.1600,-1.8700,0.0700,145.0625,-7.6250,3.2500,0.6100,-0.6700,-0.5200
140.8125,-3.6875,-0.3750,-3.4300,0.6700,1.6300,142.5625,-4.3125,-4.7500,-0.7700,-1.8100,1.6700,144.0000,-0.1875,-7.3125,7.5300,0.6800,-1.8400,143.5625,1.3750,-6.6875,12.3900,-0.3700,-2.7700,137.5625,-10.9375,-4.6875,3.9400,-2.2800,-1.4600,134.0625,-7.9375,1.8750,-12.7200,-0.1800,0.7100,136.0625,-1.1250,4.8125,-6.4300,1.2800,1.3500,138.1875,-3.1250,4.1875,0.1100,0.2700,1.1500,139.5000,-6.7500,3.5625,1.2200,-0.4600,-0.2100,138.8125,-8.3125,3.1875,0.7800,-0.3800,0.0700
131.7500,-12.3125,-4.5000,-2.0000,-0.5300,1.3000,133.0625,-11.8750,-7.4375,2.2900,-0.0800,-1.0700,136.3125,-4.4375,-9.0625,9.6200,-0.6300,-2.2300,133.8125,-5.8750,-10.0625,11.7900,0.0700,-1.7400,130.0000,-12.0625,-4.9375,0.3500,-1.1800,1.4800,133.6250,-2.0000,4.9375,-10.2500,-1.9100,2.9700,136.9375,3.8125,7.0000,-6.6300,0.2800,1.1000,140.5000,-0.4375,5.4375,2.1200,-1.7200,2.3800,142.3750,-5.5625,4.6875,1.0100,-0.2100,-1.1400,140.8125,-7.1875,3.3125,0.5100,-0.0200,0.0500
165.6250,-4.0625,-9.1250,4.3800,-1.3900,0.2100,169.2500,0.5625,-6.1250,7.0700,-0.9700,-3.2600,166.0000,-3.9375,-4.1875,10.4900,-0.4200,-2.7400,156.3125,-11.6875,-1.7500,-0.2400,-2.2700,0.7600,149.5000,-4.4375,3.1875,-10.3600,2.6400,3.8100,148.5000,-1.5625,6.4375,-4.1300,1.1100,1.4600,148.1875,-7.2500,3.6875,0.9000,-0.3100,0.4200,149.9375,-12.7500,1.8125,2.1500,-0.8200,-1.3300,150.9375,-12.8125,1.9375,1.5700,-0.7700,-0.3700,151.5000,-10.1875,2.7500,0.1300,-0.3400,0.0200
154.8750,-9.3125,-2.1875,-3.4400,0.1200,0.3300,159.1250,-7.8125,-4.7500,3.8100,-0.5300,-0.2400,162.0000,0.9375,-3.6875,10.0000,-1.3200,-1.9900,157.0625,-3.5000,-5.6875,11.1500,-1.6600,-2.9800,145.7500,-13.4375,-2.7500,0.5300,-0.8000,0.7100,144.2500,-9.0625,5.0625,-11.8200,3.7100,1.0000,149.1250,-6.5625,5.5625,-3.9300,0.6000,-0.1600,152.4375,-9.6250,2.1875,1.9200,-3.1300,-0.0200,153.4375,-11.1250,2.0625,0.8800,-1.4800,-1.1200,151.5625,-9.5000,2.6250,-0.2400,0.2500,0.3600
146.8125,-4.5625,-0.3125,-5.5900,1.7500,1.2100,149.3750,-9.2500,-5.8125,-3.6400,-0.9800,2.2400,153.3125,-11.5000,-6.7500,2.4700,-1.9100,0.1500,154.3750,-6.0625,-7.3750,9.9200,-1.1100,-2.8700,150.6875,-6.0625,-8.5000,11.6000,1.5300,-1.7400,142.0625,-16.0625,-4.1875,0.1200,-0.2000,1.7800,139.8125,-11.1250,3.5625,-10.1200,2.5900,1.2000,142.7500,-5.8125,6.8750,-5.4600,1.4800,-0.2300,144.6250,-8.3750,4.5000,0.6600,0.0100,0.4100,146.1250,-10.8125,4.0000,1.4900,-0.4100,-0.7000
144.6250,-12.6875,-5.4375,-2.3400,-0.4800,1.4900,148.0625,-9.5625,-6.3125,4.7500,-1.3300,0.4200,147.3750,-5.6250,-6.9375,8.4600,-0.7600,-1.8200,141.5000,-10.8750,-9.3750,9.2100,0.5300,-2.6900,134.3750,-17.7500,-5.8750,1.1900,-0.8900,1.1500,133.9375,-11.8125,3.6875,-9.9300,0.9900,2.0200,138.0625,-7.5625,6.8125,-4.1100,0.0000,0.6500,140.8125,-10.8125,4.3125,0.7500,-0.3000,0.0300,142.2500,-13.1875,2.6875,1.7800,-0.5200,-0.4300,141.6250,-12.5000,2.8750,0.5000,0.2900,0.4000
157.3125,-3.6250,-2.0625,-4.6300,0.1900,2.7300,161.7500,-6.0000,-4.0625,-3.5200,-3.4200,3.0900,164.0000,-3.8750,-7.6250,7.4100,0.3300,-1.8100,161.2500,0.0625,-3.6875,13.2100,-1.2300,-3.8300,151.2500,-11.6875,-2.8750,7.0400,0.7000,0.8500,144.6875,-13.5625,2.5625,-12.2600,3.7800,0.3000,143.3750,-8.9375,6.1250,-6.3300,3.3800,0.5300,145.5625,-12.1875,2.8750,0.2200,0.3100,0.3800,148.2500,-15.7500,1.7500,2.1400,-0.6500,-0.4400,148.8750,-15.7500,2.6875,0.6900,0.0100,-0.2000
162.4375,-9.6875,-1.3750,-5.8400,1.6400,0.8300,165.2500,-14.6875,-5.0000,-2.0400,-1.1200,0.7600,169.2500,-9.1875,-4.5000,10.2000,-3.3600,-1.5800,166.0625,-7.0000,-7.0625,9.7900,-1.2200,-2.6300,156.5625,-16.2500,-6.7500,6.0100,1.3500,-1.0700,153.1875,-16.0000,2.7500,-12.9400,2.9400,0.8600,154.5000,-9.6875,7.4375,-6.0400,2.6600,0.8700,154.8750,-12.5625,4.0000,1.0100,-0.7600,0.3700,156.6250,-14.6250,2.6250,1.7700,-0.6600,-1.0800,155.8125,-12.5000,3.4375,0.5800,-0.2800,0.0700
145.3125,-4.7500,-2.0000,-4.5500,2.7700,2.9300,149.7500,-9.0625,-6.3750,-1.5600,-0.2800,2.2100,155.8125,-8.5625,-4.5625,7.7500,-2.8800,-1.4200,153.7500,-8.3750,-5.3750,11.2300,-0.8500,-3.7100,145.0625,-17.0000,-5.8125,10.9200,0.5600,0.5600,138.7500,-19.3125,1.0625,-13.7400,4.0900,-1.8800,138.1875,-11.0000,5.5000,-5.1900,4.7900,1.5900,139.8125,-13.7500,2.7500,1.7300,0.4500,0.7100,140.9375,-16.0000,3.3750,1.8000,-0.2200,-0.9200,140.6875,-14.8750,3.3125,0.5200,0.2700,0.4700
144.3125,-6.7500,-2.5625,-5.8400,1.7700,1.6100,148.8750,-9.1250,-5.4375,2.7200,-3.0500,2.0800,151.4375,-6.3750,-1.7500,10.3900,-3.0000,-1.0900,144.1250,-11.0000,-6.6250,11.4700,1.6800,-2.5100,133.1875,-19.6875,-5.6875,0.7200,3.4800,-0.0800,131.5000,-13.6875,5.7500,-10.3800,2.8700,1.4900,137.0000,-8.5000,8.3125,-3.9300,-0.0900,-0.9600,139.0625,-10.6250,4.8750,1.7100,-2.4200,-0.1300,138.9375,-11.6250,4.3125,0.7100,-0.6000,-0.7000,138.0625,-10.6875,4.8750,0.0400,0.1000,0.5500
147.3125,-4.1250,0.1250,-2.8600,0.7600,1.8200,149.7500,-6.6875,-1.1250,-1.4500,-1.8000,1.1900,153.6250,-6.9375,-0.9375,1.9500,-2.8300,-0.0400,154.8750,-5.3750,-1.0625,6.5800,-0.4100,-1.0800,150.3750,-10.3125,-2.1250,8.4200,0.3000,-0.6800,142.3125,-17.7500,-2.0000,5.0700,0.9700,0.6400,138.7500,-17.0625,3.9375,-8.1500,2.2500,0.2600,143.0000,-11.3750,7.7500,-5.9300,4.1900,0.7900,146.7500,-12.4375,5.5625,0.8200,-0.4900,0.5200,148.1875,-13.6875,4.6875,1.1600,-0.8200,-0.4000
147.6250,-7.1875,-1.4375,-2.4300,0.4000,0.8600,148.5000,-10.2500,-3.3750,-2.5100,-1.2500,1.5100,150.2500,-13.9375,-3.5625,-0.9800,-1.5200,-0.3800,151.1875,-10.7500,-4.4375,10.5700,-1.5200,-0.1500,146.4375,-12.7500,-5.8125,13.3600,-0.0100,-2.2200,138.5625,-17.5625,-6.3125,-3.2000,0.2300,1.2100,137.2500,-6.6875,4.1250,-8.8100,1.8500,2.0400,137.8125,-3.0000,4.1875,-2.7700,-1.3800,0.1400,140.5000,-5.8750,2.8750,1.0000,-1.7800,0.0700,142.3125,-7.6875,2.5000,1.1700,0.0500,-0.1200
154.5625,-6.6250,-3.3125,-2.8300,-0.1200,0.2100,157.2500,-3.2500,-0.2500,1.1000,-2.0900,0.1100,153.3125,1.3750,-0.7500,5.3000,-0.6900,-2.0400,144.8125,-1.5000,-6.8125,10.3600,0.4400,-2.5900,136.3750,-8.6250,-6.1250,3.4600,1.8000,1.8900,138.3750,-4.4375,3.8125,-9.7300,-1.3200,2.4800,144.2500,3.0625,7.9375,-8.2700,1.5200,-0.4900,147.7500,0.7500,5.0625,0.5400,-1.0200,2.0800,149.8125,-3.3750,3.6875,1.7400,-0.9000,-0.3000,147.4375,-4.0000,2.3750,0.3900,0.0900,0.5700
148.3125,2.5625,-7.8125,5.2500,0.2800,-1.5200,145.6250,-2.0000,-5.9375,10.7700,-1.1200,-0.3900,138.2500,-13.3125,-4.5000,3.2700,-0.2300,1.7400,134.3125,-10.5625,2.3750,-11.9700,1.8300,0.7600,137.9375,-1.5000,9.6250,-5.9500,1.3300,-0.6900,140.0000,-2.5000,7.2500,0.1700,1.3500,1.1400,141.0625,-4.8125,6.5000,1.3000,0.4900,-0.1600,140.2500,-5.1250,5.6875,0.5900,0.1400,0.3100,139.5000,-4.8125,4.8750,0.1700,0.0300,0.2600,140.1875,-4.5000,4.2500,-0.0100,0.1500,0.0800
167.0000,0.8750,2.5625,4.5400,-0.6100,-2.3500,163.3125,4.3750,-3.5625,5.7400,1.3200,-2.1500,154.8125,-1.0000,-6.6875,5.3300,0.9300,-0.7000,145.5625,-7.1875,-5.5625,3.0600,1.1300,1.7300,142.8750,-7.1250,0.3750,-3.3700,-0.4700,1.5200,143.3125,-1.4375,6.9375,-6.2700,1.3100,0.6400,145.5000,0.3750,7.5625,-3.9700,0.8100,-0.0300,147.9375,-2.9375,5.8125,1.4000,-0.8700,0.5700,148.8750,-5.4375,5.5625,0.6700,-0.2200,-0.4400,147.6250,-5.3125,4.6875,-0.0300,0.3400,0.1500
161.8125,7.0000,-7.3125,4.9400,0.7200,-3.5500,156.1875,-2.0000,-6.5625,10.5500,-0.6900,-1.3000,146.8125,-12.3750,-5.7500,3.0300,-0.6700,2.3800,143.0625,-7.0000,1.0000,-11.6800,2.4600,2.1500,146.1875,-0.6250,7.1250,-6.5000,2.4800,-0.1700,147.1875,-3.5625,4.5000,0.5900,-1.0600,0.2600,148.1875,-5.6875,3.7500,1.1000,-0.6000,-0.5000,147.1250,-5.4375,3.1250,0.1400,0.1600,0.1300,146.3750,-4.6875,2.4375,-0.0300,0.1700,0.0500,146.2500,-4.1875,2.0000,-0.0100,0.0300,0.1500
144.6875,3.0000,-8.0625,6.2000,-1.3500,-0.9300,135.6875,-7.3750,-8.6250,7.0900,0.2200,-2.1700,127.3750,-14.5625,-8.5625,4.9800,0.6900,-0.7800,127.4375,-11.5000,-0.8125,-3.1900,-1.9900,2.1100,133.5000,-1.1250,6.3750,-8.2000,0.3000,2.2300,141.3750,-0.2500,5.5625,-1.3400,-3.2000,0.0300,146.0625,-4.0000,2.9375,1.3400,-0.6700,-0.3500,146.6875,-5.0000,2.1875,0.6300,0.1600,0.5700,145.3750,-4.6250,1.8125,-0.1100,0.0600,0.2500,145.0000,-4.6250,1.4375,0.0300,0.0900,0.1100
157.6250,-2.8125,-0.5625,5.9500,-1.7200,-0.1200,155.8125,-1.4375,-2.3125,7.8600,0.3300,-2.6200,149.0000,-7.8125,-3.5000,6.1100,0.3800,-1.8900,143.6250,-9.2500,-3.0625,2.1800,-1.0700,2.8400,144.9375,-1.1250,4.1875,-7.2200,0.6400,2.9400,149.7500,5.8125,7.7500,-7.2700,2.4600,0.2300,151.8750,4.0000,5.6875,-0.1200,0.6500,0.0200,152.8750,1.1250,5.6875,0.4400,-0.1900,-0.0100,150.8125,-0.4375,5.1875,-0.0300,0.4000,0.3300,148.5625,-2.0000,4.3125,0.2000,0.1300,0.3800
168.0000,-5.8125,-5.3125,1.8600,-2.0800,0.3300,170.0000,-0.0625,-3.2500,6.2000,-1.6400,-1.2600,165.7500,-2.6250,-3.9375,10.3300,1.9100,-3.1600,156.0625,-12.5625,-3.0000,4.7000,1.2700,0.0300,148.5000,-8.5000,0.7500,-7.9800,3.1800,3.3000,148.6250,1.8125,8.7500,-7.4100,1.6800,2.4200,148.8750,2.0625,8.3750,-0.9000,0.3700,1.0200,150.3125,-1.8750,6.3125,1.7800,-2.6800,-0.6900,150.3125,-3.1250,3.9375,0.3200,0.1100,-0.5400,148.2500,-2.6250,3.3125,-0.1600,0.7800,0.6800
152.5000,-2.6250,-4.1250,3.4600,-2.1100,-1.0400,152.2500,1.1875,-5.6250,9.3800,-2.1700,-0.3300,142.5000,-9.8125,-7.9375,10.3100,-0.5800,-1.8200,134.3750,-17.5000,-5.3125,-0.1100,1.9500,0.0800,136.6250,-8.6875,2.5625,-11.2100,0.0400,0.9200,138.3125,-4.4375,5.8750,-3.0000,0.0000,-0.2500,139.1250,-7.9375,3.3125,1.6400,-1.7900,0.1000,140.1875,-9.8125,2.3125,1.3400,-0.4200,-0.1700,140.3750,-9.5000,2.0625,0.3300,-0.2100,0.1100,140.8125,-8.3750,1.5625,0.1400,-0.0100,0.0000
157.0625,-7.5000,-4.0000,-0.5700,-2.1400,0.0100,158.6875,-5.0625,-2.1875,4.8500,-1.6600,-1.8900,154.8125,-4.7500,-3.2500,12.3200,-0.0300,-3.1000,145.0625,-10.1250,-3.3125,3.5200,0.6400,-0.3300,140.0000,-2.5000,1.2500,-8.4400,2.9300,3.5900,139.1250,5.4375,5.8750,-6.8800,4.4000,2.4400,139.5000,1.7500,2.5625,-1.0600,0.1500,0.7000,142.5000,-3.7500,2.3125,1.9800,-2.2300,-0.8000,142.9375,-7.0000,2.3125,1.1400,-0.5000,-0.5600,141.5625,-7.1875,1.9375,0.4800,0.2900,-0.2200
141.8125,-0.5625,-8.2500,5.6200,-0.5100,-1.9600,134.6875,-6.6875,-8.5000,7.5400,0.0700,-0.8300,129.0000,-10.0000,-4.8750,-0.2800,-0.5600,1.6200,130.0000,-2.0625,4.0625,-8.9400,1.5900,3.1200,134.8125,1.3750,8.3125,-3.8100,0.9200,-0.2000,136.7500,-2.3125,5.1875,1.3800,0.3500,-0.0200,138.3750,-3.7500,6.3750,0.7000,0.6500,-0.5200,137.9375,-3.8125,6.6250,-0.2000,0.5500,0.7900,138.1875,-4.8125,5.6250,0.4000,0.3500,0.3200,139.9375,-5.5625,5.6250,0.7000,-0.8000,-0.4600
158.8125,0.8750,-0.3750,7.4300,-1.5900,-0.3600,156.6250,-0.6875,-1.3750,10.9900,1.5000,-3.4100,148.3750,-12.5625,-3.8750,5.7000,0.8100,-1.8300,142.6875,-10.6875,-0.6250,-10.3600,3.3900,2.8900,144.7500,-3.7500,6.6250,-6.8400,2.5100,1.2200,147.1875,-7.2500,4.1875,1.2200,0.3300,0.9600,148.8750,-9.0625,5.1875,1.5400,-0.8600,-1.0800,147.9375,-8.0625,4.9375,-0.0800,0.0000,0.5200,147.0000,-6.9375,4.5000,-0.3700,0.4600,0.2700,146.6875,-6.0625,3.0625,0.3000,0.3700,0.4000
169.3125,-3.2500,11.5000,1.0300,-2.6500,0.2500,168.0625,0.0000,11.3125,3.1300,-0.4200,-1.7200,160.8125,-0.3125,1.3125,10.7500,0.6700,-2.4800,149.7500,-9.8125,-1.3125,7.7500,0.2900,-1.1500,142.5625,-9.4375,3.0625,-12.7000,4.2100,1.1700,142.3750,-4.7500,6.2500,-3.9500,1.8200,1.5000,144.1875,-7.7500,3.8125,2.6600,-0.5900,-0.3100,145.6875,-8.3750,4.5000,1.2400,-1.0900,-0.2800,145.1875,-6.6875,4.5625,-0.0900,-0.0100,0.1800,144.9375,-5.0000,3.8750,-0.1300,0.2500,0.6100
147.4375,-9.3750,-8.5625,2.3200,0.9900,0.2600,149.3125,-3.0625,-7.8125,7.7300,-0.4000,-2.5300,146.0000,-4.4375,-10.3125,10.9000,-0.8100,-3.6600,135.8125,-15.1875,-11.6875,4.2300,1.1100,0.4300,132.8750,-11.5625,-3.9375,-12.5700,5.3200,2.5600,140.8750,-4.1250,0.7500,-6.1000,-1.2000,-0.6600,145.4375,-7.8125,0.4375,1.9100,-1.9200,0.6500,146.1250,-9.9375,0.1250,1.5600,-0.4700,-0.3500,144.6875,-9.3125,0.1250,0.4500,0.1500,0.2600,144.0000,-8.3125,-0.0625,-0.1500,0.5100,0.2800
159.1875,-11.3750,-3.8750,-1.6500,-2.3200,0.5800,161.5000,-9.1875,-4.3125,6.0300,-1.4400,-3.1300,160.0000,-1.1875,-4.0000,12.9900,-0.6100,-1.5000,152.3750,-11.0000,-5.3125,9.4000,0.7600,0.1800,145.6250,-13.6250,0.2500,-10.0200,2.6600,-0.7200,144.1250,-6.4375,6.1875,-6.8100,1.0700,1.7700,143.7500,-8.6875,4.9375,0.7500,0.2400,1.0400,146.4375,-12.0625,3.6250,2.2100,-1.0300,-0.0700,147.5625,-12.8750,2.8750,0.9400,-0.4700,-0.0500,147.0000,-11.6250,3.0625,-0.1500,0.0800,0.2300
166.5000,-10.6875,-0.9375,1.4000,-1.8700,-0.3600,170.8125,-4.1250,2.8750,8.6400,-0.5200,-2.0500,168.1875,-3.0000,1.8750,10.9900,-0.6300,-1.8200,158.0000,-12.4375,-1.6250,3.4500,-0.6900,2.2000,150.9375,-7.3750,1.8750,-11.9300,3.5800,1.3100,150.0625,-1.5000,4.8125,-5.8600,3.4500,0.2000,151.7500,-4.3125,3.1250,0.7800,0.5800,0.6000,152.3125,-6.5625,2.5000,1.0700,0.4500,-0.5900,151.0000,-6.1875,2.4375,0.5300,0.4300,0.4800,150.0625,-6.0000,2.7500,0.1200,0.1900,0.8000
160.3125,-5.5625,-4.0625,5.5600,-0.9300,-2.5000,156.8750,-4.4375,-7.5000,11.9600,-1.5000,-2.4900,146.6875,-13.5000,-6.8125,6.4900,-0.3200,-1.1200,139.2500,-8.5625,2.1875,-15.2700,4.2300,4.2500,138.6250,-5.1250,3.9375,-4.5200,3.7900,0.8600,142.0000,-10.0000,2.6250,2.4500,-2.3300,-0.8400,143.4375,-11.6250,3.6250,1.1600,-1.0500,-0.3000,143.6875,-10.6875,4.2500,-0.2400,-0.4400,0.3500,144.9375,-9.8750,3.6250,-0.1900,0.1300,-0.1000,145.8750,-9.2500,2.8125,0.1100,-0.1300,-0.0200
149.0000,-5.5000,-0.3125,-3.7800,-0.1800,0.9600,148.3750,-9.7500,-4.0000,-2.2500,-0.9000,1.7700,149.5625,-11.1875,-6.6875,2.4100,-1.2800,0.8900,147.5625,-7.0000,-7.0000,9.2300,-2.3800,-2.8600,140.8750,-7.8750,-10.9375,9.9900,1.9200,-2.2800,135.0000,-13.3750,-5.7500,3.8400,1.9900,1.9300,134.4375,-8.3750,4.2500,-10.0600,0.9900,2.4000,136.6250,-2.9375,6.7500,-3.3100,-0.3400,0.4500,139.2500,-5.1875,4.0000,1.3000,-0.7600,-0.4000,140.3750,-6.3125,3.3750,0.6400,-0.1100,-0.4500
149.1250,-4.6875,-5.3125,7.6400,0.5400,-0.2400,149.2500,-4.5000,-2.5625,13.9100,0.6900,-1.3600,148.4375,-6.2500,-0.2500,-4.4600,-1.4200,0.9100,150.8750,4.5625,4.2500,-10.1400,-0.0200,3.0900,153.6875,4.7500,3.8125,-1.2900,-2.0000,1.6500,154.1875,0.0000,3.2500,3.0700,-1.3100,-0.7200,152.7500,-1.4375,3.4375,0.9200,0.2700,-0.3000,151.5625,-0.5625,3.4375,-0.4400,0.0100,0.2200,151.3750,-0.5000,3.1250,-0.1400,-0.0200,0.1600,150.9375,-0.8750,2.8125,-0.4100,0.0300,-0.2300
148.2500,-12.6875,-1.3750,-1.8000,0.1300,-0.4900,150.6250,-14.0000,-3.8750,-1.4700,0.1700,-1.4400,151.9375,-5.3750,-8.3750,13.3200,-0.4300,-1.1600,149.1875,-7.7500,-7.1250,15.4300,-1.1900,-1.8000,145.0000,-11.0000,-1.6875,-9.6000,-0.2600,1.5400,146.2500,0.5000,5.3125,-8.8000,1.6000,2.7600,146.8125,-1.0000,4.6250,0.7600,0.7100,1.0400,147.5000,-4.3125,4.0625,2.0400,0.0300,-0.0700,146.1875,-5.5625,2.8125,0.6800,0.0100,-0.0900,145.3750,-5.3750,2.0000,0.3400,0.1300,0.1000
144.6250,-3.8750,-1.2500,-4.6300,0.9000,2.6400,145.6250,-11.1875,-3.0625,-3.8200,-2.4500,1.7400,144.7500,-11.0000,-7.1250,8.8100,-0.6600,-0.7200,140.1250,-8.6875,-8.9375,16.6300,-1.3200,-4.2500,131.3750,-14.5625,-7.5000,4.3500,0.3100,-0.8100,128.9375,-4.0625,3.0000,-11.6700,2.9400,6.0100,131.4375,-0.5625,6.0000,-3.1700,0.0100,-0.3900,132.3125,-4.4375,3.3750,1.9300,-0.8800,0.0000,133.6250,-6.3125,3.0000,1.1600,-0.5200,-0.1000,133.7500,-6.6250,3.2500,0.6500,0.0000,0.1200
132.1875,-10.8125,-1.3125,-2.9700,-1.2300,2.8600,133.1250,-15.4375,-3.0000,1.7800,-2.5300,0.3500,132.4375,-13.3750,-6.5625,12.3700,-0.0200,-2.9400,127.3750,-16.8750,-7.6250,13.6200,-0.0100,-2.4200,123.0625,-19.8750,-4.3125,-2.0000,0.1800,1.8500,126.4375,-7.8750,6.2500,-11.4800,0.0000,3.6500,129.4375,-3.0625,7.7500,-3.5700,2.2200,-0.5600,131.8125,-7.1250,6.2500,2.4000,-0.3700,0.0700,133.1875,-8.9375,5.4375,1.1100,0.4900,0.4500,134.1875,-8.7500,3.8750,0.4500,0.4300,0.1600
140.0625,-7.3750,-1.8125,-3.8800,0.4000,1.1600,144.6250,-12.4375,-3.3125,-2.2800,-2.4800,1.6500,148.6875,-10.1250,-1.5000,8.3200,-1.2600,-2.3800,146.8125,-4.7500,-3.0000,17.9200,0.3100,-2.3500,139.1875,-17.6875,-5.1250,4.1900,-1.1400,-2.0100,135.8125,-14.3125,1.6250,-12.5900,3.0100,2.4300,138.8750,-7.5625,6.1875,-4.6900,1.5800,-0.1000,141.6875,-10.2500,2.9375,1.6800,-1.1200,0.6700,143.6875,-11.8750,2.8750,1.7900,-0.5200,-0.9000,143.6875,-10.8125,3.5000,0.2000,0.0600,1.0700
145.6875,-7.8750,0.0625,-2.4800,0.4500,0.5900,149.3750,-12.1875,-2.3125,-3.8700,2.2200,0.5000,157.8125,-13.9375,0.1250,0.1400,-0.1800,-0.1400,159.6250,-4.2500,0.4375,12.3200,1.8200,-3.5400,154.3750,-4.3750,-3.8125,15.2400,2.8800,-3.4700,145.3750,-13.0000,-2.6875,-6.1200,2.9400,1.7000,141.1250,-5.3125,3.3125,-8.2100,3.2700,2.7600,141.7500,-4.5625,3.7500,-2.4100,0.7600,-0.7500,144.0625,-6.4375,2.2500,1.3400,-1.1600,-0.7800,146.1250,-7.1875,2.0000,0.8500,-1.1500,0.3500
155.1875,-9.5625,-0.4375,-3.6700,-0.1400,1.9300,161.1250,-10.5625,-0.5625,0.9800,-1.8100,-0.2100,164.1875,-3.3125,1.0625,13.2200,-0.9800,-3.5300,160.0000,-8.8750,-2.6250,14.0400,-0.0300,-1.6800,153.6250,-12.6875,-1.3125,-6.7000,1.3400,2.8600,154.4375,0.1875,5.9375,-11.3200,2.4600,2.1400,155.3125,2.5625,4.5000,0.0300,-0.5600,1.4200,155.5625,0.8750,2.8750,1.9800,-1.7000,-0.0600,155.0000,-0.1250,2.5000,0.2100,0.3300,0.0000,154.5000,-1.1875,2.3125,0.0800,0.4900,-0.0600
149.1875,-7.7500,-3.0625,5.3800,-0.0300,-1.6400,151.4375,-0.5000,-3.5625,11.5600,0.7900,-3.6700,146.3750,-8.7500,-3.8125,14.7700,0.8400,-1.3800,141.9375,-14.8750,-2.6875,-8.8300,1.3900,1.2400,144.8750,-4.6875,4.4375,-9.7200,0.9600,3.0200,147.1250,-7.3125,3.1875,-0.3500,-1.3200,-0.8600,148.6250,-9.6250,3.5625,1.6000,-0.5400,-0.6500,148.0000,-8.5000,4.1250,0.5300,0.2900,0.6200,148.0625,-7.0625,4.5000,-0.1100,0.3300,0.2400,148.3750,-5.8750,3.9375,-0.0200,-0.0200,-0.0900
151.1250,-7.1250,-8.6250,8.7500,1.3700,-2.6800,153.3125,-2.0000,-5.6875,11.3200,-1.0100,-3.6900,147.9375,-11.4375,-6.6250,7.4300,-2.1500,-1.4300,144.1875,-9.0000,-4.8125,-9.4900,0.6800,2.6600,147.1875,2.7500,2.0000,-8.0100,0.3500,3.0700,147.8125,1.4375,2.1250,-1.8100,0.1000,-0.4200,147.0000,-1.6250,2.7500,1.4700,-0.5000,-0.3000,145.8125,-3.0625,2.3750,0.7900,0.3900,0.0400,145.5625,-3.1875,1.5625,0.1100,0.1600,-0.1200,145.7500,-3.3125,0.8125,-0.0700,-0.1000,0.0100
139.5625,-8.3750,-10.3750,7.1300,0.9900,-3.0600,140.0625,-5.8125,-11.5625,11.2200,1.7500,-4.3700,137.0625,-10.2500,-7.5000,7.5400,-1.1200,-1.3800,137.6250,-2.5625,-3.4375,-9.5000,-1.2300,4.7100,141.6875,9.6250,0.1250,-7.9900,0.1900,3.5400,144.0000,7.2500,0.3125,-1.4100,0.7400,-0.8600,144.9375,2.8125,0.6250,0.6300,0.4600,-0.0200,144.8750,-0.1875,0.6250,0.8900,0.5400,-0.6200,145.5625,-1.6250,0.0000,0.6100,0.0500,-0.2500,146.8125,-1.7500,-0.3125,0.3800,0.0200,0.2600
159.7500,-8.5000,-9.0000,2.2000,0.4900,-0.4900,162.9375,-1.6250,-4.6875,10.3000,0.7800,-3.9500,161.0625,-5.4375,-2.6875,13.6700,0.2500,-3.0600,155.0000,-9.6250,-2.2500,-3.7400,-0.1800,1.7200,155.8125,3.6250,2.5625,-9.3200,0.5100,5.7000,158.7500,5.1250,2.3750,-1.8700,-0.8700,0.5300,159.0000,2.3125,1.4375,1.6800,-0.2400,-0.0900,159.0000,0.8750,1.4375,0.7500,-0.2000,-0.4100,158.6250,1.3750,1.2500,0.1200,0.0600,0.1100,158.3750,2.1250,1.3125,-0.1800,-0.3300,0.1300
143.1875,-12.9375,-6.7500,-2.6900,-0.4000,1.4200,147.4375,-12.5625,-8.0000,6.9500,-0.5000,-1.0400,147.1875,-6.3125,-8.3750,14.0300,-0.5800,-3.5400,138.8125,-15.3125,-10.8750,7.5800,2.7400,-3.6900,132.8125,-11.5625,-4.6875,-8.4800,1.8000,2.6600,135.7500,3.0000,4.9375,-9.1000,1.9900,4.9500,139.3125,2.1875,4.6875,-1.3900,0.0200,-0.4900,141.9375,-2.8750,2.7500,1.6600,-0.9300,-0.8600,142.3750,-4.3125,2.4375,0.8700,0.2400,-0.1600,141.8125,-3.6250,2.0625,0.0100,0.1800,0.1300
147.0625,-17.7500,-2.3750,-2.8300,0.0400,-0.4900,151.5625,-17.3125,-2.5625,3.0000,-0.8300,-2.1900,153.0625,-9.3125,-0.5000,15.2700,-0.6100,0.1500,147.8125,-15.3125,-0.8125,7.8100,-1.4500,-0.0700,142.8125,-13.1250,0.7500,-8.7300,0.6900,1.3700,144.4375,-0.9375,5.3125,-7.8700,2.0000,2.7600,146.6875,-2.4375,3.0625,0.8100,-0.3300,1.2600,149.0000,-4.9375,2.8125,1.7300,-0.3300,-0.7900,148.3125,-4.8125,1.8750,0.2800,0.5000,0.1900,147.7500,-3.8125,1.4375,-0.0400,0.4200,0.4200
149.5000,-2.5000,-8.2500,4.9800,0.9400,-0.5400,149.1250,-2.3125,-6.8125,9.1300,1.5500,-2.1300,146.2500,-7.3125,-4.3750,3.6500,0.1800,1.7300,148.8125,-2.8750,0.8125,-7.7400,1.7900,4.1800,154.5000,2.6875,2.3125,-6.7800,-0.4700,0.1000,156.6875,-0.9375,1.0625,-0.3100,-1.3200,-0.5000,155.7500,-3.8125,0.7500,1.0600,-0.4800,-0.2200,154.1250,-3.6875,1.1875,0.3800,-0.3200,-0.1700,152.6250,-2.9375,0.8750,0.0300,0.0900,0.5500,151.8125,-2.4375,0.3750,0.1800,-0.0800,0.1400
142.6250,-8.7500,-2.3750,2.9600,-1.4600,-0.8500,141.5000,-5.6250,-3.7500,6.7200,-1.9600,-1.2300,137.6875,-8.7500,-4.3750,10.5900,-0.5000,-1.2400,133.8750,-10.3750,-1.8125,-1.4300,-0.5500,1.6100,135.3125,1.6250,3.7500,-8.1200,1.6400,3.6300,136.8125,4.4375,4.6250,-3.5200,0.3000,-0.2200,136.8125,1.3125,3.3750,1.7200,-0.5300,0.0600,135.8125,-0.5000,3.9375,0.5400,-0.4100,-0.4700,133.3750,-0.6875,3.7500,0.7100,0.2300,0.4000,132.5000,-0.5000,3.6875,0.4500,0.1500,0.0800
135.6875,-6.6875,-5.2500,3.9100,-0.4400,-0.1700,136.6250,-5.1875,-7.8750,11.2000,1.0900,-3.1200,132.1250,-10.0000,-7.1875,10.1400,-0.6900,-2.9700,128.1250,-9.6250,-1.9375,-3.2200,-1.2100,1.5600,130.8750,4.6875,7.9375,-6.9300,-0.8100,4.7000,133.0000,11.8125,9.6250,-5.6800,1.9100,1.9200,133.8750,7.1875,7.4375,1.1900,-1.3000,0.9400,134.7500,2.0625,7.0000,1.3200,-0.6600,-0.9100,134.4375,0.3750,6.5000,0.6200,0.0300,-0.1600,134.0625,0.8750,6.1250,0.2300,0.3400,0.4400
156.5625,2.1875,-2.7500,3.2300,1.0000,-1.1900,155.3125,0.5000,-3.1250,8.7300,0.5300,-0.4600,150.8750,-5.5000,-0.9375,6.0400,-1.2600,-0.4100,147.7500,-1.7500,1.0625,-9.4100,0.0500,1.2300,147.0625,7.9375,6.0625,-8.1400,1.4700,1.2800,147.9375,6.1875,5.8750,1.1200,0.5400,2.0400,148.1875,1.5000,5.5000,2.2000,0.5500,-0.8000,146.9375,0.6250,4.2500,0.5700,0.9200,0.1500,147.0000,1.2500,3.8125,-0.1700,0.3000,0.1400,147.2500,1.5625,3.6875,-0.8900,0.2600,-0.1900
144.1250,-1.6250,-7.3750,-3.9900,0.5300,2.5700,144.4375,-3.8750,-12.1875,-0.2200,-1.3400,0.3900,143.8125,-1.5000,-17.2500,4.6500,-1.0800,-2.8300,140.5000,1.3125,-22.4375,8.5000,-1.1300,-3.3200,134.8750,-6.8125,-18.5000,8.8400,1.7900,-0.0600,133.8750,-10.3125,-5.3125,-10.2000,1.1300,0.9400,136.2500,-2.8750,3.1875,-8.3900,2.2200,0.6800,136.5000,-4.6875,0.3750,-1.5100,0.9500,0.6900,137.7500,-7.9375,0.6250,2.0300,0.0700,-0.4600,137.2500,-8.3750,2.3125,0.9300,0.2800,0.0900
134.8125,-11.6875,-9.3125,-1.3100,-0.0800,1.8000,134.4375,-13.6250,-13.0625,1.5100,-2.3400,-1.2700,130.3125,-8.2500,-23.0625,6.6000,0.1000,-3.9700,126.0625,-2.6250,-25.6250,11.7700,-0.7700,-1.0300,123.5000,-8.5000,-14.0000,3.3000,-3.0000,2.5300,124.8125,-6.5625,-1.5625,-7.1900,1.4000,1.8000,130.2500,-1.8750,2.3750,-4.5800,0.3700,0.8100,132.4375,-4.2500,-0.2500,-0.0900,-0.0700,-0.3700,133.8750,-5.8750,-0.5625,0.6500,0.0800,-0.5200,133.0000,-6.1250,0.1875,0.1500,0.6100,0.1300
146.2500,-9.3125,-3.5625,-2.6100,-0.6800,1.4200,149.0000,-10.3750,-2.8125,-1.3500,-2.3000,0.6900,150.3750,-5.1875,-5.3125,6.4200,0.0100,-3.3700,147.8125,5.2500,-9.9375,7.2800,-1.6300,-4.9200,143.2500,3.7500,-16.6250,8.9700,-0.8900,-0.5100,137.7500,-0.8125,-11.2500,-1.8000,-1.3600,5.2900,135.8750,-1.6250,-0.3125,-8.7600,1.5200,0.9900,137.8750,-6.1875,2.3750,-3.3800,1.5700,-1.9200,140.1875,-10.1875,1.0000,1.3000,-0.9500,-0.6000,140.5000,-10.2500,0.5625,1.2000,0.0400,0.5700
141.3125,-12.0625,-11.6875,-1.2400,0.1000,0.9800,141.9375,-7.7500,-16.2500,4.4600,-0.6900,-2.4500,139.9375,2.6250,-20.7500,7.1300,-2.9500,-5.6300,136.1875,4.7500,-20.0625,11.0200,0.2200,2.4400,135.1250,-4.3125,-6.5000,-1.9200,-1.1800,1.6500,135.5625,-1.6250,0.0625,-7.5800,0.6800,1.7600,137.4375,-1.3750,0.3750,-3.2800,1.6100,-0.5400,138.6875,-3.8750,-0.7500,1.3700,0.5200,-0.0700,139.0625,-4.8750,-0.8125,0.8200,0.2300,0.1200,138.2500,-4.9375,-2.5625,0.1600,0.7300,0.2300
139.5625,-32.4375,-11.5625,-1.7800,-0.9200,0.9900,142.7500,-32.5000,-13.1250,3.8300,-0.2200,-2.8800,140.7500,-20.6250,-17.2500,13.9300,0.4200,-0.1100,136.1875,-23.3125,-22.6250,10.8500,-0.1300,-0.3500,129.3125,-25.1250,-18.0625,-1.5200,-1.0500,1.5900,127.8750,-13.9375,-7.2500,-7.5000,3.6300,4.9800,132.8750,-13.1875,-6.0000,-1.7100,0.0900,-0.1500,135.0625,-16.1875,-6.1875,2.2900,-1.2700,-0.0400,135.3125,-16.1875,-5.2500,1.0200,0.3400,0.1400,134.6875,-14.8750,-4.7500,-0.0500,0.7800,0.3400
153.6250,-20.8125,-9.3750,4.5100,-0.9700,-0.6700,154.0000,-13.7500,-8.3125,10.4700,0.0900,-1.3700,149.0625,-20.1875,-13.1875,13.2300,-1.7000,0.3200,140.3750,-32.5000,-10.4375,-0.4300,-3.3400,1.3600,134.6875,-29.0000,-3.0625,-11.7300,3.3300,-2.8000,134.7500,-23.8750,-2.2500,-2.6200,-0.5700,0.3200,137.4375,-25.4375,-4.4375,2.0100,-2.5800,0.4100,139.1250,-24.8125,-3.5625,0.7800,-1.5700,-0.0500,139.7500,-23.0000,-3.6875,0.3400,-0.6300,1.2400,140.3750,-21.6250,-4.0625,0.1600,0.3300,0.2900
141.2500,-30.4375,-10.6250,-0.7000,-1.8400,0.3600,141.6250,-26.7500,-12.0000,8.0800,-0.9500,-2.3000,139.0000,-20.6875,-11.1250,12.7300,-1.1600,-0.7600,133.2500,-27.3750,-12.2500,6.1500,-0.2500,0.0600,129.3750,-23.8750,-7.9375,-7.8900,0.1900,1.3900,131.3750,-10.8750,0.0625,-6.4700,0.7600,3.2100,133.3750,-11.0000,0.0000,-1.6900,0.0400,-0.3600,134.2500,-14.5625,-2.0000,1.3800,-0.1000,0.1500,134.6875,-16.1875,-1.3125,0.7900,-0.3200,-0.0300,134.7500,-16.2500,-0.6250,0.1400,0.2500,0.3800
138.3750,-17.5625,-13.5625,3.2900,-0.1200,-1.6700,139.3125,-9.6875,-14.3750,9.7000,-0.3400,-2.3600,135.3125,-12.1250,-15.0000,12.4400,-1.7600,0.3400,131.8750,-20.3750,-7.1875,-4.4300,-1.3000,2.8100,134.6875,-17.1250,0.6875,-9.1000,1.7500,-1.1000,134.6875,-14.6250,0.0625,-3.4300,2.7200,-0.6200,135.3750,-16.5625,-2.8125,1.5200,0.1300,0.5100,135.8125,-18.1875,-2.6875,0.9600,0.3800,0.7800,135.2500,-18.6875,-2.4375,0.6500,0.4400,0.5200,135.1875,-18.9375,-2.7500,0.2900,0.2100,0.3800
137.3750,-17.1250,-2.5000,-3.0800,0.3300,-0.2700,137.8750,-18.3125,-5.4375,-3.5200,0.3100,0.8500,141.9375,-19.5000,-6.0000,0.0600,-1.9700,0.1700,144.8750,-14.8125,-7.2500,10.4200,-1.3900,-0.2500,143.7500,-14.3125,-7.7500,14.0800,-0.6600,-1.4000,140.8750,-14.6250,-3.3750,-8.3900,-0.0700,-0.1000,142.0000,-2.0625,3.0000,-7.0100,0.7300,4.2500,141.0000,-0.8750,1.1875,-1.4000,1.1100,1.0100,141.2500,-5.7500,0.3750,1.1400,-0.0700,-0.8000,140.6875,-8.3750,-0.5000,0.6300,0.5100,-0.3600
146.6250,-14.0625,-4.4375,-0.3400,-1.9600,0.9000,147.9375,-16.0000,-6.8125,0.6500,-1.7400,-2.1100,147.5000,-12.6875,-8.3125,12.2700,0.0800,0.0000,143.1250,-11.6875,-9.5000,7.2200,-0.6800,0.0000,142.8125,-2.8750,-4.2500,-5.5800,-1.6200,2.6200,148.3750,11.5625,3.1875,-8.9300,1.4900,5.4000,150.3750,9.3125,4.1250,-2.0700,-0.4100,0.8400,149.1875,2.6875,2.6250,2.0600,-0.7000,-0.5600,147.0625,-0.6250,2.4375,0.6700,-0.3500,-0.6400,145.1875,-1.5000,1.7500,-0.4500,-0.2200,-0.2100
133.6250,-12.8125,-6.6250,-2.3000,-0.1900,0.9200,134.6875,-13.4375,-11.6875,7.3600,-0.4500,-0.7200,133.1250,-15.3125,-10.8125,11.7600,-0.1200,-2.5900,128.9375,-20.6250,-9.4375,4.9700,-0.6500,-1.0900,130.6250,-13.1250,-0.6875,-9.9800,-0.9000,3.0000,134.3125,-4.6250,2.8750,-7.3100,1.1100,1.4700,137.0000,-8.2500,1.8750,2.0400,-1.1400,0.6200,136.3125,-10.3125,2.5000,1.0400,-0.4700,-0.3500,134.7500,-10.2500,1.5000,0.2800,0.0000,0.5100,134.5625,-9.8125,1.1250,0.0700,0.5700,0.5800
141.5625,-14.8750,-12.4375,4.3600,-0.5100,-1.5400,140.3750,-9.1875,-12.8750,11.8000,-0.5600,-1.1000,133.1250,-18.2500,-13.1250,9.2100,-1.1000,-2.2200,126.4375,-22.2500,-9.3125,-2.9200,0.6800,1.3500,127.5000,-11.5000,1.6875,-8.7700,1.9200,2.0100,130.9375,-9.8125,1.2500,-1.0500,-0.9000,0.7700,133.3125,-12.0625,1.1875,1.3400,-1.8000,-0.7400,133.6875,-12.8125,0.0000,0.4600,0.1200,0.6100,134.3750,-13.3125,-0.1875,0.1900,0.5400,1.1000,136.0000,-15.0625,1.0000,-1.3500,-0.5500,-0.1000
147.7500,-5.3750,-11.9375,5.0800,-0.3300,-2.1200,142.5625,-9.1250,-16.0625,7.8000,-0.4800,-0.7800,136.7500,-15.1875,-11.9375,3.0900,-0.5200,1.5700,133.8750,-11.5000,-2.6250,-8.6800,0.8900,0.5600,135.4375,-3.3750,2.8750,-6.7600,4.5600,0.5400,138.0000,-4.7500,0.8125,0.8500,0.0000,1.7200,140.7500,-8.1250,0.7500,1.3100,-0.0200,-1.4000,141.4375,-8.6875,0.8750,0.4900,0.4400,0.8900,141.8125,-8.3750,0.5000,0.2300,-0.2600,0.2600,142.1250,-8.1875,-0.2500,0.1500,-0.1300,0.0500
161.1875,-4.6875,-5.5625,5.7800,-1.9400,-1.3200,161.6875,1.3125,-7.0000,9.4100,-2.1400,-1.2200,153.5000,-7.6250,-10.5000,6.6200,-0.1700,-0.9300,144.5000,-11.5625,-6.1875,-7.3800,1.7300,-0.2500,140.5000,-4.8750,0.5000,-5.9000,4.1800,2.8400,139.8750,-4.5625,1.2500,-0.7300,0.9800,-0.4500,141.6250,-7.2500,0.3750,1.2300,-0.6200,-0.1600,142.6250,-8.5000,0.8750,0.4400,-0.0700,0.2400,141.8750,-8.7500,0.7500,0.4500,0.1100,0.3500,141.5000,-9.0625,1.0625,-0.3300,0.1300,0.3200
154.2500,-14.8750,-10.5000,8.8400,0.5500,-1.7400,149.8125,-20.0625,-10.6875,12.5100,-1.1900,-1.7600,140.5000,-25.1875,-10.9375,0.8500,0.5200,1.0300,135.8750,-13.1250,-1.8125,-10.3200,3.1700,5.0000,135.1250,-8.7500,1.0000,-3.6900,2.0300,0.1300,135.6875,-13.4375,-1.5000,1.4500,-0.8800,0.3100,136.3750,-15.3750,-1.7500,2.0800,-0.3600,0.5700,135.6875,-15.0625,-1.8750,1.1400,0.4200,0.5200,136.1250,-13.3750,-1.7500,0.5100,-0.0300,-0.7500,137.1875,-10.0625,-2.0000,-0.1100,-0.3700,0.4400
141.2500,5.0625,-9.7500,8.6600,-0.7100,-3.2400,136.0000,-6.8750,-9.9375,4.3300,0.4200,-2.0200,130.8125,-9.5625,-5.8750,-1.7700,0.0300,0.3200,131.3750,-0.6250,0.0000,-2.5300,-1.2400,3.5000,136.1250,6.8125,3.0625,-5.0700,1.4100,1.1700,140.3750,7.5625,3.0000,-2.2700,0.7100,0.9700,140.7500,4.5000,2.3125,0.9300,-0.2300,0.1600,139.7500,2.1875,1.7500,1.4000,0.0900,-0.7400,138.4375,2.3750,1.1875,0.4400,0.3200,0.1400,138.2500,3.1875,0.5000,0.1600,0.2300,0.2200
137.2500,-6.6250,-6.7500,-3.1900,-0.3900,1.2300,138.3750,-10.0000,-9.3125,-1.3900,-0.6700,1.8300,140.8125,-7.1875,-10.6250,5.8200,-0.8700,-2.1500,137.6875,0.2500,-10.1250,10.1700,-2.2300,-3.2900,128.8125,-5.0000,-12.9375,10.3400,1.1600,-2.1000,123.3750,-7.5625,-5.0625,0.1300,1.6000,3.6900,123.8125,1.1250,3.9375,-8.9500,3.0900,3.9100,125.5000,3.5000,4.3750,-4.2000,1.9100,-0.0200,128.2500,0.5625,2.4375,1.2700,-0.3800,-0.2000,129.5000,-1.0625,1.8750,0.3400,-0.1800,-0.3000
141.3125,-11.5000,-6.8125,-1.0900,-0.4000,0.2500,142.3125,-12.4375,-9.1250,-0.1600,-1.4700,0.3400,143.5625,-9.3125,-11.9375,2.9400,-0.8100,-0.7800,142.5000,-4.3125,-11.6250,6.5100,0.7100,-2.7500,140.0000,-5.7500,-12.3750,8.1700,1.3100,-2.5100,134.6250,-10.3125,-9.1875,3.2300,-0.5500,0.0400,131.8750,-6.8125,-3.5625,-4.6000,-1.0900,3.2100,135.2500,-0.5625,2.1250,-8.7600,1.6900,1.4000,139.5625,-1.1875,2.4375,-0.2900,-0.1000,0.0000,140.6250,-3.1250,2.6875,0.9500,-0.6600,-0.3000
144.7500,-8.5625,-6.4375,-1.9200,0.7300,1.2800,148.3125,-10.5000,-7.2500,-0.8400,-0.5000,1.8100,151.2500,-10.0000,-7.0625,2.0000,-0.3300,-1.1200,151.5625,-4.8750,-6.5000,6.8100,-0.4100,-2.4700,148.5625,-4.5625,-8.8125,7.7100,1.8600,-2.3800,143.9375,-8.5000,-7.0000,7.5200,0.9300,1.8500,139.8750,-7.9375,0.1875,-3.7700,-1.4900,3.8300,139.6875,-0.5000,6.8125,-10.0800,3.5400,0.7400,139.4375,-0.3750,5.8125,-0.9200,-0.8900,1.1500,140.7500,-4.8125,3.9375,1.4600,-1.6500,-0.0600
136.2500,-11.8750,-7.5625,-0.1600,-1.3900,0.8000,136.7500,-9.5000,-10.0625,3.7500,-0.4200,-1.0900,135.9375,-4.1875,-10.4375,7.9900,0.6600,-2.8100,132.8750,-6.3750,-9.2500,7.5600,0.3100,-1.3900,128.5625,-9.1875,-8.0625,3.7000,0.2700,0.6400,129.1250,-4.1875,-0.2500,-8.1800,-1.4600,2.6000,133.3125,3.3750,4.4375,-8.0100,0.7300,1.4300,135.6250,2.2500,3.6250,-1.0000,-0.4900,0.5900,137.3125,-1.1875,3.0000,1.4200,-0.7900,-0.5100,136.7500,-2.3750,2.6875,0.4000,-0.2800,-0.2400
141.0000,-7.8125,-3.8750,-2.2900,0.3600,0.2300,142.2500,-11.0625,-5.9375,-1.6500,-0.9800,1.0500,143.9375,-11.3125,-8.4375,1.0900,-0.1800,-0.1700,144.3125,-6.6250,-9.3750,7.0500,-0.3500,-2.8400,141.1875,-4.2500,-10.5000,10.1400,1.1900,-2.0400,136.6250,-9.3125,-6.6875,7.4200,1.3600,1.2900,134.6250,-6.3750,1.0000,-9.1200,-1.3200,2.4500,136.3750,3.5000,5.7500,-8.0800,0.3600,1.9300,136.0000,1.8125,3.3125,0.1700,0.7200,0.3600,136.7500,-0.7500,2.8125,1.5000,0.3500,-0.3900
144.2500,-3.0625,-2.0625,-3.5800,0.9300,1.1600,147.3125,-8.7500,-5.5000,-2.4800,-0.1300,1.0900,150.1875,-12.6875,-7.0625,-1.0400,-0.3700,0.3600,153.0625,-9.8750,-8.2500,5.4600,-0.2800,-3.0900,153.1250,-3.4375,-8.6250,10.4800,0.2700,-2.1400,147.5625,-8.5000,-7.1875,9.6600,-0.1300,-0.9900,140.2500,-8.0000,-2.0000,-7.0300,0.4400,3.0600,140.9375,1.0000,4.5625,-9.8700,2.1400,3.3100,142.1875,0.0000,3.5000,0.3800,0.2100,0.4400,142.6250,-2.6250,2.6875,1.7800,-0.7700,-0.6300
134.3125,-7.9375,-4.3125,-3.5900,1.1900,1.0700,135.3125,-12.3750,-8.5625,-1.0000,-1.2400,0.9400,136.7500,-11.6250,-10.6250,4.6700,-1.3300,-1.5100,136.5000,-7.3750,-11.8125,6.5000,-0.5300,-2.7300,132.6875,-6.8125,-12.1875,7.2200,-0.5900,-2.2500,127.0625,-7.4375,-9.5000,5.2400,0.1100,0.0800,127.0625,-1.3750,-1.0000,-6.7700,-0.3900,3.9200,131.0000,7.5625,4.2500,-9.6800,-0.1400,3.6600,133.1250,2.6250,3.9375,1.8200,0.5100,-0.0600,132.8750,-0.6875,5.0000,1.0200,0.6600,-0.3600
142.3750,-7.2500,-7.1875,-1.9800,-0.8900,2.0800,145.5000,-9.9375,-7.6250,1.4500,-1.8600,-0.1600,147.6875,-6.4375,-8.3125,5.4100,-1.1200,-3.4300,144.9375,-0.5000,-10.1875,10.1100,0.6800,-2.9900,138.3750,-6.9375,-8.1250,13.5900,1.8500,-0.0200,133.8125,-6.4375,1.9375,-14.3800,-0.7800,1.1400,135.5625,4.6875,7.4375,-8.3500,1.1900,3.9300,134.8125,1.8125,5.9375,0.8000,-0.0600,-0.4300,135.5000,-1.2500,5.6875,1.1300,0.1800,-0.4500,134.9375,-1.8125,5.3750,0.1400,0.2300,0.0000